row_bin_idx col_bin_idx row_bin_left_edge row_bin_right_edge col_bin_left_edge col_bin_right_edge A1 B1 C1 D1 E1 F1 G1 H1 I1 J1 K1 L1 M1 N1 O1 P1 A2 B2 C2 D2 E2 F2 G2 H2 I2 J2 K2 L2 M2 N2 O2 P2 A3 B3 C3 D3 E3 F3 G3 H3 I3 J3 K3 L3 M3 N3 O3 P3 A4 B4 C4 D4 E4 F4 G4 H4 I4 J4 K4 L4 M4 N4 O4 P4
-1 -1 -0.6 -0.5 -0.6 -0.5 0.000623 0.000986 0.001175 0.001073 0.000683 0.000524 0.000468 0.000000 0.001401 0.003734 0.010031 0.013119 0.005019 0.001875 0.000993 0.000000 0.002621 0.012816 0.076853 0.121204 0.060732 0.008162 0.002080 0.000000 0.003142 0.027697 0.124752 0.103768 0.117918 0.014733 0.002164 0.000000 0.001440 0.009640 0.038205 0.086743 0.072198 0.008569 0.001194 0.000000 0.000581 0.001581 0.005770 0.024856 0.010780 0.002188 0.000670 0.000000 0.000280 0.000542 0.001551 0.003242 0.002123 0.001009 0.000548 0.000000 0.000000 0.000000 0.000000 0.000000 0.000000 0.000000 0.000000 0.000000
-1 0 -0.6 -0.5 -0.5 -0.4 0.000604 0.000947 0.001160 0.001101 0.000709 0.000539 0.000477 0.000262 0.001322 0.003461 0.009466 0.013700 0.005443 0.001962 0.001059 0.000439 0.002376 0.011063 0.070249 0.122479 0.067742 0.009113 0.002329 0.000670 0.002746 0.021164 0.124304 0.100846 0.124739 0.018485 0.002446 0.000714 0.001285 0.008063 0.035749 0.083075 0.076782 0.010629 0.001340 0.000495 0.000562 0.001437 0.005106 0.023569 0.012521 0.002459 0.000691 0.000310 0.000295 0.000501 0.001406 0.003187 0.002226 0.001060 0.000563 0.000281 0.000000 0.000000 0.000000 0.000000 0.000000 0.000000 0.000000 0.000000
-1 1 -0.6 -0.5 -0.4 -0.3 0.000568 0.000918 0.001160 0.001125 0.000734 0.000532 0.000492 0.000269 0.001177 0.003114 0.008585 0.014128 0.006026 0.002097 0.001163 0.000475 0.002080 0.009227 0.061349 0.122717 0.075870 0.010574 0.002701 0.000744 0.002328 0.016144 0.120687 0.099242 0.129594 0.023907 0.002913 0.000785 0.001105 0.006554 0.032550 0.078228 0.083125 0.013904 0.001601 0.000534 0.000510 0.001298 0.004440 0.021663 0.015173 0.002865 0.000772 0.000338 0.000273 0.000457 0.001261 0.003109 0.002374 0.001159 0.000602 0.000318 0.000000 0.000000 0.000000 0.000000 0.000000 0.000000 0.000000 0.000000
-1 2 -0.6 -0.5 -0.3 -0.2 0.000521 0.000884 0.001147 0.001152 0.000794 0.000558 0.000490 0.000293 0.001052 0.002801 0.007774 0.014712 0.006861 0.002330 0.001290 0.000518 0.001828 0.007612 0.051819 0.122025 0.085311 0.013173 0.003204 0.000854 0.001930 0.011826 0.112277 0.099811 0.131661 0.032620 0.003550 0.000880 0.000944 0.005126 0.028767 0.071768 0.089006 0.019123 0.001958 0.000581 0.000472 0.001134 0.003759 0.018985 0.018209 0.003411 0.000881 0.000353 0.000264 0.000440 0.001122 0.002964 0.002573 0.001253 0.000635 0.000332 0.000000 0.000000 0.000000 0.000000 0.000000 0.000000 0.000000 0.000000
-1 3 -0.6 -0.5 -0.2 -0.1 0.000479 0.000837 0.001126 0.001166 0.000840 0.000589 0.000495 0.000298 0.000950 0.002535 0.007014 0.014672 0.007819 0.002603 0.001392 0.000566 0.001620 0.006392 0.043022 0.119809 0.093400 0.016793 0.003738 0.000965 0.001640 0.009219 0.101213 0.103289 0.130770 0.042545 0.004272 0.000976 0.000823 0.004172 0.025721 0.065240 0.093135 0.025343 0.002409 0.000619 0.000434 0.001016 0.003239 0.016537 0.020984 0.003972 0.000997 0.000388 0.000243 0.000386 0.000991 0.002792 0.002776 0.001342 0.000697 0.000359 0.000000 0.000000 0.000000 0.000000 0.000000 0.000000 0.000000 0.000000
-1 4 -0.6 -0.5 -0.1 0.0 0.000454 0.000803 0.001107 0.001176 0.000885 0.000591 0.000497 0.000335 0.000846 0.002285 0.006313 0.014291 0.008720 0.002931 0.001478 0.000623 0.001464 0.005449 0.035379 0.115890 0.100476 0.021626 0.004324 0.001092 0.001419 0.007456 0.087866 0.107784 0.128381 0.054361 0.005151 0.001093 0.000746 0.003429 0.023005 0.058821 0.095985 0.032351 0.002917 0.000666 0.000390 0.000912 0.002819 0.014098 0.023252 0.004622 0.001117 0.000420 0.000236 0.000351 0.000884 0.002553 0.002953 0.001460 0.000738 0.000390 0.000000 0.000000 0.000000 0.000000 0.000000 0.000000 0.000000 0.000000
-1 5 -0.6 -0.5 0.0 0.1 0.000421 0.000751 0.001088 0.001194 0.000931 0.000608 0.000506 0.000354 0.000770 0.002090 0.005622 0.013610 0.009671 0.003290 0.001575 0.000680 0.001365 0.004705 0.028901 0.110127 0.106509 0.027581 0.004939 0.001217 0.001251 0.006239 0.074389 0.112443 0.124770 0.066850 0.006194 0.001222 0.000670 0.002839 0.020361 0.053217 0.097161 0.040088 0.003527 0.000725 0.000373 0.000846 0.002507 0.011932 0.025007 0.005313 0.001261 0.000450 0.000234 0.000339 0.000784 0.002338 0.003084 0.001569 0.000783 0.000417 0.000000 0.000000 0.000000 0.000000 0.000000 0.000000 0.000000 0.000000
-1 6 -0.6 -0.5 0.1 0.2 0.000384 0.000722 0.001060 0.001180 0.000970 0.000627 0.000507 0.000373 0.000704 0.001906 0.005119 0.012961 0.010734 0.003700 0.001668 0.000744 0.001261 0.004042 0.023447 0.102965 0.111952 0.035060 0.005640 0.001383 0.001108 0.005242 0.060658 0.116660 0.120141 0.080826 0.007528 0.001399 0.000613 0.002394 0.017422 0.048298 0.096331 0.048304 0.004289 0.000807 0.000337 0.000761 0.002232 0.009880 0.025732 0.006197 0.001423 0.000497 0.000225 0.000308 0.000720 0.002134 0.003123 0.001692 0.000831 0.000449 0.000000 0.000000 0.000000 0.000000 0.000000 0.000000 0.000000 0.000000
-1 7 -0.6 -0.5 0.2 0.3 0.000364 0.000686 0.001039 0.001186 0.001007 0.000646 0.000512 0.000412 0.000646 0.001729 0.004588 0.011991 0.011495 0.004115 0.001726 0.000826 0.001177 0.003489 0.019168 0.094539 0.115833 0.043107 0.006375 0.001587 0.000976 0.004431 0.047899 0.120380 0.114779 0.094730 0.009257 0.001600 0.000557 0.002027 0.014644 0.044914 0.094248 0.056487 0.005285 0.000912 0.000323 0.000699 0.002008 0.008203 0.026135 0.007275 0.001625 0.000539 0.000214 0.000302 0.000653 0.001939 0.003179 0.001823 0.000886 0.000475 0.000000 0.000000 0.000000 0.000000 0.000000 0.000000 0.000000 0.000000
-1 8 -0.6 -0.5 0.3 0.4 0.000329 0.000651 0.001016 0.001180 0.001056 0.000667 0.000518 0.000441 0.000600 0.001552 0.004118 0.010915 0.012385 0.004532 0.001797 0.000907 0.001088 0.002996 0.015450 0.085366 0.119111 0.052041 0.007227 0.001827 0.000871 0.003703 0.036184 0.123328 0.108763 0.107965 0.011775 0.001874 0.000522 0.001690 0.011880 0.041636 0.090740 0.064924 0.006749 0.001045 0.000301 0.000636 0.001765 0.006799 0.025946 0.008866 0.001891 0.000594 0.000206 0.000296 0.000587 0.001720 0.003230 0.001968 0.000933 0.000515 0.000000 0.000000 0.000000 0.000000 0.000000 0.000000 0.000000 0.000000
-1 9 -0.6 -0.5 0.4 0.5 0.000318 0.000623 0.000986 0.001175 0.001073 0.000683 0.000524 0.000468 0.000564 0.001401 0.003734 0.010031 0.013119 0.005019 0.001875 0.000993 0.001028 0.002621 0.012816 0.076853 0.121204 0.060732 0.008162 0.002080 0.000771 0.003142 0.027697 0.124752 0.103768 0.117918 0.014733 0.002164 0.000466 0.001440 0.009640 0.038205 0.086743 0.072198 0.008569 0.001194 0.000289 0.000581 0.001581 0.005770 0.024856 0.010780 0.002188 0.000670 0.000196 0.000280 0.000542 0.001551 0.003242 0.002123 0.001009 0.000548 0.000000 0.000000 0.000000 0.000000 0.000000 0.000000 0.000000 0.000000
-1 10 -0.6 -0.5 0.5 0.6 0.000000 0.000604 0.000947 0.001160 0.001101 0.000709 0.000539 0.000477 0.000000 0.001322 0.003461 0.009466 0.013700 0.005443 0.001962 0.001059 0.000000 0.002376 0.011063 0.070249 0.122479 0.067742 0.009113 0.002329 0.000000 0.002746 0.021164 0.124304 0.100846 0.124739 0.018485 0.002446 0.000000 0.001285 0.008063 0.035749 0.083075 0.076782 0.010629 0.001340 0.000000 0.000562 0.001437 0.005106 0.023569 0.012521 0.002459 0.000691 0.000000 0.000295 0.000501 0.001406 0.003187 0.002226 0.001060 0.000563 0.000000 0.000000 0.000000 0.000000 0.000000 0.000000 0.000000 0.000000
0 -1 -0.5 -0.4 -0.6 -0.5 0.000582 0.000912 0.001042 0.000960 0.000604 0.000485 0.000454 0.000000 0.001336 0.003348 0.008128 0.009767 0.004067 0.001652 0.000928 0.000000 0.002576 0.011877 0.071132 0.113676 0.052457 0.007341 0.001971 0.000000 0.003236 0.028456 0.125925 0.108356 0.115211 0.014288 0.002184 0.000000 0.001546 0.011195 0.044865 0.087155 0.079231 0.008963 0.001242 0.000000 0.000615 0.001789 0.006697 0.031277 0.012022 0.002331 0.000665 0.000000 0.000288 0.000593 0.001676 0.003685 0.002345 0.001080 0.000559 0.000000 0.000184 0.000353 0.000575 0.000840 0.000818 0.000369 0.000320 0.000000
0 0 -0.5 -0.4 -0.5 -0.4 0.000577 0.000887 0.001029 0.000971 0.000658 0.000505 0.000460 0.000244 0.001243 0.003112 0.007684 0.010162 0.004423 0.001709 0.000978 0.000423 0.002323 0.010259 0.064026 0.115220 0.058950 0.008208 0.002208 0.000664 0.002822 0.021635 0.125275 0.105470 0.123079 0.017892 0.002476 0.000715 0.001371 0.009160 0.042036 0.083287 0.084806 0.011399 0.001400 0.000504 0.000589 0.001607 0.005869 0.029546 0.014334 0.002639 0.000706 0.000323 0.000300 0.000525 0.001505 0.003664 0.002476 0.001144 0.000552 0.000283 0.000192 0.000330 0.000544 0.000808 0.000855 0.000397 0.000309 0.000253
0 1 -0.5 -0.4 -0.4 -0.3 0.000539 0.000862 0.001021 0.000986 0.000674 0.000502 0.000464 0.000264 0.001111 0.002823 0.007121 0.010512 0.004872 0.001833 0.001069 0.000452 0.002030 0.008664 0.055651 0.116344 0.066558 0.009533 0.002534 0.000729 0.002393 0.016356 0.121749 0.103538 0.128554 0.023083 0.002953 0.000789 0.001179 0.007320 0.038505 0.078699 0.090576 0.015050 0.001685 0.000526 0.000539 0.001438 0.005083 0.026882 0.017545 0.003111 0.000795 0.000332 0.000290 0.000472 0.001355 0.003567 0.002652 0.001247 0.000604 0.000311 0.000188 0.000297 0.000518 0.000782 0.000888 0.000442 0.000302 0.000257
0 2 -0.5 -0.4 -0.3 -0.2 0.000494 0.000826 0.001019 0.001006 0.000708 0.000530 0.000478 0.000280 0.001000 0.002557 0.006500 0.010724 0.005488 0.002012 0.001174 0.000502 0.001765 0.007241 0.046594 0.115792 0.074761 0.011737 0.002992 0.000817 0.001999 0.012020 0.113434 0.104190 0.131536 0.031086 0.003600 0.000885 0.001007 0.005745 0.034644 0.073194 0.096074 0.020757 0.002060 0.000588 0.000489 0.001252 0.004323 0.023437 0.021488 0.003699 0.000936 0.000374 0.000278 0.000439 0.001199 0.003399 0.002869 0.001357 0.000650 0.000327 0.000176 0.000283 0.000486 0.000762 0.000907 0.000486 0.000310 0.000257
0 3 -0.5 -0.4 -0.2 -0.1 0.000473 0.000794 0.001013 0.001024 0.000750 0.000536 0.000481 0.000296 0.000894 0.002299 0.005950 0.010862 0.006219 0.002237 0.001273 0.000542 0.001575 0.006184 0.038507 0.113988 0.082879 0.014861 0.003476 0.000936 0.001699 0.009345 0.102235 0.107263 0.131555 0.040609 0.004338 0.000985 0.000880 0.004623 0.030801 0.067413 0.099087 0.027606 0.002524 0.000639 0.000446 0.001111 0.003663 0.019985 0.025161 0.004360 0.001042 0.000394 0.000274 0.000411 0.001042 0.003174 0.003092 0.001486 0.000714 0.000351 0.000168 0.000270 0.000448 0.000733 0.000919 0.000515 0.000318 0.000275
0 4 -0.5 -0.4 -0.1 0.0 0.000440 0.000760 0.001002 0.001023 0.000783 0.000553 0.000478 0.000311 0.000805 0.002082 0.005411 0.010676 0.006902 0.002501 0.001344 0.000597 0.001436 0.005275 0.031385 0.109795 0.089840 0.019084 0.004004 0.001055 0.001457 0.007557 0.088672 0.111664 0.129961 0.051951 0.005226 0.001105 0.000781 0.003760 0.027531 0.062025 0.100639 0.035631 0.003069 0.000684 0.000413 0.000997 0.003210 0.016950 0.028314 0.005065 0.001176 0.000418 0.000250 0.000376 0.000916 0.002904 0.003318 0.001625 0.000762 0.000388 0.000156 0.000253 0.000430 0.000724 0.000930 0.000554 0.000322 0.000292
0 5 -0.5 -0.4 0.0 0.1 0.000395 0.000707 0.000982 0.001037 0.000829 0.000564 0.000471 0.000347 0.000740 0.001926 0.004908 0.010303 0.007573 0.002777 0.001414 0.000645 0.001303 0.004561 0.025684 0.103965 0.096221 0.024351 0.004579 0.001186 0.001287 0.006303 0.074918 0.115627 0.127291 0.064462 0.006260 0.001243 0.000709 0.003122 0.024112 0.057155 0.100482 0.044182 0.003720 0.000748 0.000389 0.000916 0.002857 0.014098 0.030848 0.005886 0.001329 0.000458 0.000239 0.000379 0.000829 0.002620 0.003439 0.001745 0.000824 0.000422 0.000152 0.000251 0.000412 0.000682 0.000907 0.000616 0.000334 0.000281
0 6 -0.5 -0.4 0.1 0.2 0.000371 0.000678 0.000968 0.001033 0.000860 0.000580 0.000483 0.000366 0.000683 0.001769 0.004483 0.009896 0.008192 0.003096 0.001475 0.000705 0.001210 0.003972 0.021004 0.096970 0.102083 0.030393 0.005159 0.001326 0.001153 0.005352 0.061647 0.119090 0.123545 0.077635 0.007515 0.001407 0.000640 0.002617 0.020680 0.053354 0.098668 0.053222 0.004502 0.000833 0.000348 0.000826 0.002545 0.011666 0.032144 0.006826 0.001499 0.000500 0.000222 0.000331 0.000755 0.002388 0.003540 0.001872 0.000865 0.000437 0.000155 0.000231 0.000397 0.000651 0.000909 0.000656 0.000330 0.000292
0 7 -0.5 -0.4 0.2 0.3 0.000342 0.000654 0.000960 0.001033 0.000896 0.000589 0.000477 0.000404 0.000631 0.001606 0.004049 0.009267 0.008771 0.003410 0.001524 0.000768 0.001118 0.003388 0.016986 0.088093 0.106863 0.037836 0.005835 0.001505 0.001015 0.004480 0.048214 0.122409 0.118436 0.092164 0.009311 0.001628 0.000586 0.002181 0.017080 0.050290 0.095470 0.063080 0.005655 0.000943 0.000341 0.000755 0.002283 0.009456 0.032764 0.008177 0.001738 0.000551 0.000221 0.000317 0.000684 0.002135 0.003590 0.002022 0.000934 0.000473 0.000151 0.000219 0.000378 0.000629 0.000872 0.000718 0.000347 0.000300
0 8 -0.5 -0.4 0.3 0.4 0.000316 0.000614 0.000932 0.001037 0.000925 0.000600 0.000483 0.000423 0.000582 0.001455 0.003676 0.008630 0.009256 0.003720 0.001591 0.000844 0.001042 0.002924 0.013997 0.079011 0.110761 0.045393 0.006531 0.001737 0.000900 0.003761 0.036551 0.124974 0.112912 0.105456 0.011662 0.001905 0.000538 0.001818 0.013766 0.047801 0.091200 0.071996 0.007188 0.001087 0.000306 0.000682 0.002014 0.007863 0.032510 0.009962 0.002023 0.000610 0.000207 0.000297 0.000618 0.001889 0.003675 0.002194 0.001002 0.000526 0.000154 0.000198 0.000361 0.000604 0.000862 0.000774 0.000362 0.000310
0 9 -0.5 -0.4 0.4 0.5 0.000308 0.000582 0.000912 0.001042 0.000960 0.000604 0.000485 0.000454 0.000547 0.001336 0.003348 0.008128 0.009767 0.004067 0.001652 0.000928 0.000975 0.002576 0.011877 0.071132 0.113676 0.052457 0.007341 0.001971 0.000810 0.003236 0.028456 0.125925 0.108356 0.115211 0.014288 0.002184 0.000502 0.001546 0.011195 0.044865 0.087155 0.079231 0.008963 0.001242 0.000290 0.000615 0.001789 0.006697 0.031277 0.012022 0.002331 0.000665 0.000197 0.000288 0.000593 0.001676 0.003685 0.002345 0.001080 0.000559 0.000140 0.000184 0.000353 0.000575 0.000840 0.000818 0.000369 0.000320
0 10 -0.5 -0.4 0.5 0.6 0.000000 0.000577 0.000887 0.001029 0.000971 0.000658 0.000505 0.000460 0.000000 0.001243 0.003112 0.007684 0.010162 0.004423 0.001709 0.000978 0.000000 0.002323 0.010259 0.064026 0.115220 0.058950 0.008208 0.002208 0.000000 0.002822 0.021635 0.125275 0.105470 0.123079 0.017892 0.002476 0.000000 0.001371 0.009160 0.042036 0.083287 0.084806 0.011399 0.001400 0.000000 0.000589 0.001607 0.005869 0.029546 0.014334 0.002639 0.000706 0.000000 0.000300 0.000525 0.001505 0.003664 0.002476 0.001144 0.000552 0.000000 0.000192 0.000330 0.000544 0.000808 0.000855 0.000397 0.000309
1 -1 -0.4 -0.3 -0.6 -0.5 0.000539 0.000837 0.000893 0.000824 0.000545 0.000451 0.000437 0.000000 0.001225 0.002899 0.006432 0.007252 0.003294 0.001432 0.000847 0.000000 0.002483 0.010548 0.063158 0.104117 0.044606 0.006597 0.001863 0.000000 0.003281 0.027726 0.126314 0.112096 0.113387 0.014194 0.002271 0.000000 0.001675 0.012934 0.052497 0.086488 0.088361 0.010032 0.001357 0.000000 0.000657 0.002101 0.007868 0.038688 0.014433 0.002626 0.000696 0.000000 0.000303 0.000598 0.001866 0.004309 0.002718 0.001176 0.000558 0.000000 0.000191 0.000359 0.000633 0.000930 0.000877 0.000414 0.000342 0.000000
1 0 -0.4 -0.3 -0.5 -0.4 0.000539 0.000807 0.000895 0.000837 0.000575 0.000465 0.000430 0.000242 0.001157 0.002709 0.006196 0.007517 0.003564 0.001486 0.000896 0.000419 0.002245 0.009288 0.057049 0.106214 0.049889 0.007332 0.002059 0.000634 0.002882 0.021404 0.125090 0.109171 0.121269 0.017424 0.002557 0.000732 0.001485 0.010502 0.049889 0.082998 0.093666 0.012593 0.001508 0.000512 0.000623 0.001885 0.006966 0.036662 0.016952 0.002951 0.000740 0.000337 0.000317 0.000554 0.001662 0.004273 0.002856 0.001256 0.000571 0.000281 0.000214 0.000337 0.000589 0.000897 0.000928 0.000427 0.000332 0.000267
1 1 -0.4 -0.3 -0.4 -0.3 0.000509 0.000789 0.000887 0.000859 0.000594 0.000476 0.000439 0.000258 0.001041 0.002490 0.005823 0.007837 0.003947 0.001573 0.000975 0.000436 0.001962 0.007956 0.048981 0.108055 0.056941 0.008533 0.002373 0.000708 0.002463 0.016149 0.121097 0.107057 0.127518 0.022382 0.003040 0.000805 0.001269 0.008303 0.045747 0.078845 0.099349 0.016709 0.001812 0.000540 0.000571 0.001645 0.005913 0.032871 0.020985 0.003508 0.000862 0.000347 0.000305 0.000516 0.001478 0.004141 0.003057 0.001370 0.000615 0.000303 0.000213 0.000321 0.000559 0.000870 0.000962 0.000464 0.000330 0.000271
1 2 -0.4 -0.3 -0.3 -0.2 0.000478 0.000756 0.000887 0.000879 0.000623 0.000486 0.000448 0.000263 0.000930 0.002240 0.005341 0.007903 0.004368 0.001715 0.001059 0.000483 0.001709 0.006742 0.040623 0.107424 0.064171 0.010406 0.002766 0.000802 0.002063 0.011960 0.112551 0.107601 0.131470 0.029862 0.003705 0.000910 0.001078 0.006425 0.041522 0.074290 0.103757 0.023288 0.002229 0.000611 0.000514 0.001428 0.005039 0.028687 0.026027 0.004249 0.000979 0.000387 0.000290 0.000463 0.001294 0.003966 0.003338 0.001534 0.000673 0.000328 0.000179 0.000289 0.000537 0.000856 0.000996 0.000499 0.000344 0.000278
1 3 -0.4 -0.3 -0.2 -0.1 0.000444 0.000726 0.000882 0.000892 0.000657 0.000496 0.000441 0.000281 0.000839 0.002034 0.004964 0.008010 0.004870 0.001882 0.001122 0.000532 0.001524 0.005818 0.033565 0.105465 0.071159 0.012924 0.003195 0.000906 0.001770 0.009365 0.101261 0.110360 0.132478 0.038727 0.004458 0.001004 0.000953 0.005145 0.037538 0.069791 0.105684 0.030818 0.002716 0.000651 0.000467 0.001255 0.004341 0.024631 0.030565 0.004999 0.001124 0.000414 0.000277 0.000432 0.001122 0.003686 0.003579 0.001687 0.000737 0.000350 0.000171 0.000277 0.000504 0.000826 0.001023 0.000544 0.000352 0.000291
1 4 -0.4 -0.3 -0.1 0.0 0.000412 0.000700 0.000890 0.000887 0.000693 0.000496 0.000430 0.000300 0.000759 0.001865 0.004557 0.007965 0.005390 0.002096 0.001191 0.000553 0.001365 0.005027 0.027143 0.101442 0.078499 0.016544 0.003691 0.001010 0.001527 0.007536 0.087280 0.114361 0.131732 0.049851 0.005385 0.001136 0.000841 0.004156 0.033300 0.065579 0.105603 0.039953 0.003322 0.000713 0.000436 0.001111 0.003742 0.020434 0.034758 0.005898 0.001294 0.000436 0.000261 0.000396 0.000987 0.003333 0.003801 0.001831 0.000792 0.000369 0.000161 0.000268 0.000457 0.000784 0.001027 0.000586 0.000357 0.000300
1 5 -0.4 -0.3 0.0 0.1 0.000377 0.000660 0.000875 0.000909 0.000717 0.000516 0.000442 0.000334 0.000695 0.001728 0.004202 0.007821 0.005908 0.002342 0.001244 0.000615 0.001257 0.004405 0.022276 0.095743 0.085062 0.021002 0.004171 0.001135 0.001350 0.006349 0.073961 0.117870 0.129445 0.061918 0.006414 0.001287 0.000753 0.003435 0.028927 0.062083 0.103935 0.049268 0.004002 0.000789 0.000399 0.001003 0.003333 0.016938 0.037680 0.006790 0.001469 0.000470 0.000252 0.000378 0.000884 0.003001 0.003971 0.001986 0.000852 0.000424 0.000154 0.000252 0.000448 0.000760 0.001023 0.000651 0.000358 0.000299
1 6 -0.4 -0.3 0.1 0.2 0.000356 0.000629 0.000870 0.000903 0.000749 0.000523 0.000436 0.000360 0.000651 0.001589 0.003835 0.007508 0.006296 0.002550 0.001284 0.000660 0.001145 0.003784 0.018139 0.088352 0.090882 0.026108 0.004686 0.001272 0.001194 0.005378 0.060161 0.121184 0.126083 0.075441 0.007714 0.001461 0.000690 0.002858 0.024659 0.059278 0.100700 0.060026 0.004935 0.000887 0.000370 0.000906 0.003006 0.013904 0.039759 0.008031 0.001676 0.000514 0.000229 0.000352 0.000791 0.002718 0.004074 0.002161 0.000928 0.000447 0.000155 0.000233 0.000418 0.000728 0.001001 0.000701 0.000373 0.000308
1 7 -0.4 -0.3 0.2 0.3 0.000320 0.000601 0.000854 0.000902 0.000770 0.000528 0.000449 0.000376 0.000596 0.001466 0.003498 0.007145 0.006603 0.002762 0.001331 0.000710 0.001076 0.003287 0.014993 0.079881 0.095865 0.031962 0.005231 0.001441 0.001061 0.004548 0.047556 0.123932 0.121630 0.089277 0.009361 0.001676 0.000626 0.002390 0.020355 0.057317 0.096148 0.070400 0.006139 0.001006 0.000349 0.000817 0.002696 0.011344 0.040918 0.009616 0.001928 0.000564 0.000235 0.000339 0.000734 0.002453 0.004194 0.002334 0.000993 0.000479 0.000154 0.000218 0.000404 0.000704 0.000978 0.000761 0.000378 0.000337
1 8 -0.4 -0.3 0.3 0.4 0.000301 0.000569 0.000847 0.000897 0.000800 0.000542 0.000448 0.000403 0.000551 0.001342 0.003192 0.006806 0.007050 0.003040 0.001378 0.000787 0.000988 0.002825 0.012383 0.071304 0.100991 0.038530 0.005911 0.001643 0.000939 0.003836 0.036208 0.125860 0.116448 0.102773 0.011582 0.001960 0.000573 0.001982 0.016207 0.054850 0.090992 0.080186 0.007878 0.001165 0.000324 0.000736 0.002367 0.009270 0.040062 0.011753 0.002263 0.000632 0.000221 0.000324 0.000670 0.002120 0.004262 0.002518 0.001075 0.000520 0.000158 0.000197 0.000384 0.000667 0.000959 0.000821 0.000402 0.000328
1 9 -0.4 -0.3 0.4 0.5 0.000294 0.000539 0.000837 0.000893 0.000824 0.000545 0.000451 0.000437 0.000524 0.001225 0.002899 0.006432 0.007252 0.003294 0.001432 0.000847 0.000927 0.002483 0.010548 0.063158 0.104117 0.044606 0.006597 0.001863 0.000842 0.003281 0.027726 0.126314 0.112096 0.113387 0.014194 0.002271 0.000527 0.001675 0.012934 0.052497 0.086488 0.088361 0.010032 0.001357 0.000299 0.000657 0.002101 0.007868 0.038688 0.014433 0.002626 0.000696 0.000208 0.000303 0.000598 0.001866 0.004309 0.002718 0.001176 0.000558 0.000144 0.000191 0.000359 0.000633 0.000930 0.000877 0.000414 0.000342
1 10 -0.4 -0.3 0.5 0.6 0.000000 0.000539 0.000807 0.000895 0.000837 0.000575 0.000465 0.000430 0.000000 0.001157 0.002709 0.006196 0.007517 0.003564 0.001486 0.000896 0.000000 0.002245 0.009288 0.057049 0.106214 0.049889 0.007332 0.002059 0.000000 0.002882 0.021404 0.125090 0.109171 0.121269 0.017424 0.002557 0.000000 0.001485 0.010502 0.049889 0.082998 0.093666 0.012593 0.001508 0.000000 0.000623 0.001885 0.006966 0.036662 0.016952 0.002951 0.000740 0.000000 0.000317 0.000554 0.001662 0.004273 0.002856 0.001256 0.000571 0.000000 0.000214 0.000337 0.000589 0.000897 0.000928 0.000427 0.000332
2 -1 -0.3 -0.2 -0.6 -0.5 0.000497 0.000752 0.000778 0.000710 0.000491 0.000398 0.000405 0.000000 0.001119 0.002476 0.004980 0.005248 0.002589 0.001216 0.000775 0.000000 0.002361 0.009332 0.054303 0.090159 0.035794 0.005819 0.001724 0.000000 0.003304 0.026571 0.124292 0.117546 0.110154 0.013768 0.002333 0.000000 0.001839 0.015203 0.062658 0.086826 0.097502 0.010990 0.001464 0.000000 0.000719 0.002514 0.009633 0.048244 0.017566 0.003016 0.000742 0.000000 0.000339 0.000655 0.002094 0.005106 0.003214 0.001272 0.000565 0.000000 0.000200 0.000383 0.000701 0.001053 0.000951 0.000453 0.000379 0.000000
2 0 -0.3 -0.2 -0.5 -0.4 0.000495 0.000731 0.000765 0.000724 0.000518 0.000421 0.000390 0.000220 0.001072 0.002320 0.004878 0.005370 0.002785 0.001258 0.000812 0.000403 0.002138 0.008329 0.049002 0.092785 0.040000 0.006381 0.001898 0.000608 0.002927 0.020783 0.122690 0.114686 0.118435 0.016715 0.002631 0.000742 0.001629 0.012236 0.059961 0.083296 0.102854 0.013886 0.001638 0.000530 0.000687 0.002245 0.008458 0.045550 0.020668 0.003431 0.000809 0.000376 0.000349 0.000601 0.001858 0.005066 0.003374 0.001364 0.000574 0.000271 0.000214 0.000358 0.000658 0.001031 0.000991 0.000480 0.000371 0.000276
2 1 -0.3 -0.2 -0.4 -0.3 0.000465 0.000706 0.000767 0.000751 0.000521 0.000432 0.000403 0.000244 0.000979 0.002129 0.004613 0.005514 0.003044 0.001325 0.000874 0.000420 0.001872 0.007191 0.041789 0.094488 0.045408 0.007342 0.002170 0.000678 0.002512 0.015790 0.117959 0.112688 0.125739 0.021169 0.003132 0.000819 0.001385 0.009531 0.056081 0.079614 0.108336 0.018571 0.001960 0.000577 0.000604 0.001964 0.007262 0.041198 0.025644 0.004111 0.000921 0.000378 0.000330 0.000554 0.001621 0.004936 0.003639 0.001521 0.000636 0.000300 0.000221 0.000342 0.000624 0.001002 0.001052 0.000500 0.000369 0.000283
2 2 -0.3 -0.2 -0.3 -0.2 0.000443 0.000687 0.000775 0.000766 0.000544 0.000441 0.000405 0.000258 0.000869 0.001939 0.004307 0.005603 0.003381 0.001434 0.000936 0.000461 0.001627 0.006161 0.034363 0.094638 0.051667 0.008901 0.002513 0.000772 0.002124 0.011706 0.109093 0.112930 0.130827 0.028140 0.003801 0.000922 0.001174 0.007289 0.051136 0.076066 0.111472 0.025966 0.002426 0.000636 0.000551 0.001670 0.006125 0.035748 0.031841 0.005021 0.001071 0.000405 0.000307 0.000514 0.001411 0.004691 0.003933 0.001707 0.000691 0.000322 0.000202 0.000310 0.000589 0.000978 0.001102 0.000535 0.000375 0.000302
2 3 -0.3 -0.2 -0.2 -0.1 0.000404 0.000660 0.000775 0.000768 0.000579 0.000449 0.000391 0.000268 0.000785 0.001799 0.004065 0.005768 0.003768 0.001585 0.001000 0.000494 0.001449 0.005392 0.028275 0.093233 0.058431 0.011054 0.002892 0.000849 0.001839 0.009214 0.097857 0.114979 0.132843 0.036453 0.004542 0.001041 0.001017 0.005757 0.045850 0.073122 0.111937 0.034242 0.002952 0.000687 0.000497 0.001462 0.005232 0.030315 0.037454 0.005982 0.001241 0.000429 0.000283 0.000473 0.001220 0.004362 0.004202 0.001888 0.000759 0.000349 0.000179 0.000287 0.000557 0.000951 0.001134 0.000586 0.000386 0.000310
2 4 -0.3 -0.2 -0.1 0.0 0.000372 0.000635 0.000776 0.000770 0.000600 0.000464 0.000402 0.000287 0.000712 0.001664 0.003748 0.005670 0.004122 0.001713 0.001046 0.000530 0.001294 0.004697 0.022899 0.088853 0.064359 0.013812 0.003300 0.000953 0.001603 0.007481 0.084045 0.117978 0.133039 0.047076 0.005479 0.001166 0.000905 0.004661 0.040901 0.070719 0.110912 0.044494 0.003598 0.000770 0.000464 0.001284 0.004545 0.025328 0.042905 0.007171 0.001438 0.000470 0.000266 0.000430 0.001070 0.003941 0.004490 0.002106 0.000813 0.000376 0.000170 0.000273 0.000531 0.000904 0.001151 0.000640 0.000391 0.000337
2 5 -0.3 -0.2 0.0 0.1 0.000352 0.000620 0.000777 0.000777 0.000626 0.000468 0.000399 0.000306 0.000659 0.001538 0.003478 0.005672 0.004425 0.001887 0.001083 0.000561 0.001187 0.004130 0.018886 0.084103 0.070699 0.017373 0.003734 0.001063 0.001430 0.006338 0.070956 0.120210 0.131583 0.058608 0.006483 0.001324 0.000807 0.003821 0.035432 0.068863 0.108138 0.054892 0.004343 0.000836 0.000428 0.001135 0.004033 0.020738 0.046577 0.008296 0.001635 0.000503 0.000258 0.000405 0.000953 0.003534 0.004698 0.002277 0.000885 0.000418 0.000170 0.000256 0.000501 0.000864 0.001148 0.000689 0.000406 0.000328
2 6 -0.3 -0.2 0.1 0.2 0.000335 0.000584 0.000772 0.000781 0.000653 0.000471 0.000402 0.000342 0.000612 0.001423 0.003212 0.005583 0.004709 0.002050 0.001124 0.000616 0.001098 0.003598 0.015566 0.077373 0.076520 0.021479 0.004204 0.001198 0.001270 0.005374 0.057818 0.122469 0.129432 0.071791 0.007730 0.001505 0.000739 0.003176 0.029658 0.067171 0.103403 0.066532 0.005313 0.000944 0.000392 0.001018 0.003598 0.016840 0.049166 0.009793 0.001887 0.000538 0.000250 0.000387 0.000866 0.003150 0.004827 0.002484 0.000974 0.000453 0.000166 0.000249 0.000465 0.000819 0.001141 0.000758 0.000410 0.000334
2 7 -0.3 -0.2 0.2 0.3 0.000311 0.000554 0.000768 0.000785 0.000671 0.000483 0.000396 0.000348 0.000568 0.001318 0.002930 0.005375 0.004913 0.002222 0.001146 0.000666 0.001004 0.003131 0.012980 0.069805 0.081473 0.025922 0.004679 0.001353 0.001143 0.004555 0.045690 0.124018 0.126115 0.085572 0.009302 0.001719 0.000663 0.002634 0.024306 0.066259 0.097624 0.077746 0.006654 0.001071 0.000377 0.000910 0.003257 0.013787 0.050528 0.011708 0.002196 0.000595 0.000253 0.000367 0.000784 0.002793 0.004973 0.002716 0.001064 0.000492 0.000167 0.000229 0.000444 0.000775 0.001113 0.000824 0.000426 0.000349
2 8 -0.3 -0.2 0.3 0.4 0.000288 0.000518 0.000757 0.000782 0.000697 0.000474 0.000403 0.000370 0.000530 0.001209 0.002683 0.005177 0.005068 0.002398 0.001178 0.000716 0.000931 0.002692 0.010804 0.061567 0.086601 0.031154 0.005248 0.001547 0.001013 0.003838 0.034550 0.124713 0.121395 0.099721 0.011465 0.002018 0.000611 0.002178 0.019084 0.064569 0.091293 0.088998 0.008641 0.001270 0.000342 0.000810 0.002864 0.011260 0.050174 0.014410 0.002572 0.000663 0.000238 0.000356 0.000711 0.002403 0.005089 0.002975 0.001163 0.000527 0.000152 0.000211 0.000410 0.000741 0.001095 0.000898 0.000436 0.000354
2 9 -0.3 -0.2 0.4 0.5 0.000275 0.000497 0.000752 0.000778 0.000710 0.000491 0.000398 0.000405 0.000496 0.001119 0.002476 0.004980 0.005248 0.002589 0.001216 0.000775 0.000892 0.002361 0.009332 0.054303 0.090159 0.035794 0.005819 0.001724 0.000921 0.003304 0.026571 0.124292 0.117546 0.110154 0.013768 0.002333 0.000560 0.001839 0.015203 0.062658 0.086826 0.097502 0.010990 0.001464 0.000315 0.000719 0.002514 0.009633 0.048244 0.017566 0.003016 0.000742 0.000222 0.000339 0.000655 0.002094 0.005106 0.003214 0.001272 0.000565 0.000141 0.000200 0.000383 0.000701 0.001053 0.000951 0.000453 0.000379
2 10 -0.3 -0.2 0.5 0.6 0.000000 0.000495 0.000731 0.000765 0.000724 0.000518 0.000421 0.000390 0.000000 0.001072 0.002320 0.004878 0.005370 0.002785 0.001258 0.000812 0.000000 0.002138 0.008329 0.049002 0.092785 0.040000 0.006381 0.001898 0.000000 0.002927 0.020783 0.122690 0.114686 0.118435 0.016715 0.002631 0.000000 0.001629 0.012236 0.059961 0.083296 0.102854 0.013886 0.001638 0.000000 0.000687 0.002245 0.008458 0.045550 0.020668 0.003431 0.000809 0.000000 0.000349 0.000601 0.001858 0.005066 0.003374 0.001364 0.000574 0.000000 0.000214 0.000358 0.000658 0.001031 0.000991 0.000480 0.000371
3 -1 -0.2 -0.1 -0.6 -0.5 0.000466 0.000672 0.000685 0.000626 0.000429 0.000387 0.000366 0.000000 0.001032 0.002114 0.003961 0.003956 0.002071 0.001070 0.000711 0.000000 0.002229 0.008245 0.045819 0.075979 0.028025 0.005034 0.001593 0.000000 0.003275 0.025098 0.120530 0.122620 0.106418 0.013192 0.002369 0.000000 0.002021 0.017575 0.072907 0.087936 0.104627 0.011827 0.001567 0.000000 0.000787 0.003051 0.011784 0.057522 0.021496 0.003491 0.000782 0.000000 0.000358 0.000717 0.002354 0.006070 0.003767 0.001365 0.000572 0.000000 0.000225 0.000400 0.000782 0.001212 0.001041 0.000522 0.000417 0.000000
3 0 -0.2 -0.1 -0.5 -0.4 0.000467 0.000657 0.000688 0.000657 0.000456 0.000396 0.000350 0.000217 0.000989 0.001988 0.003915 0.004072 0.002241 0.001112 0.000743 0.000396 0.002010 0.007418 0.041342 0.078944 0.031663 0.005536 0.001742 0.000590 0.002907 0.019418 0.118095 0.119943 0.115505 0.016038 0.002674 0.000734 0.001766 0.013836 0.070028 0.084462 0.109975 0.015157 0.001763 0.000551 0.000727 0.002673 0.010305 0.054274 0.025124 0.004008 0.000854 0.000384 0.000361 0.000665 0.002056 0.005962 0.003975 0.001468 0.000591 0.000279 0.000224 0.000380 0.000734 0.001173 0.001098 0.000534 0.000418 0.000293
3 1 -0.2 -0.1 -0.4 -0.3 0.000438 0.000635 0.000677 0.000650 0.000469 0.000392 0.000360 0.000230 0.000909 0.001851 0.003760 0.004106 0.002430 0.001130 0.000801 0.000407 0.001767 0.006472 0.035083 0.080680 0.035696 0.006248 0.001972 0.000638 0.002508 0.015003 0.113020 0.118285 0.123123 0.019979 0.003165 0.000819 0.001497 0.010806 0.066490 0.081269 0.114731 0.020259 0.002125 0.000603 0.000656 0.002322 0.008852 0.049386 0.030709 0.004834 0.000999 0.000402 0.000337 0.000611 0.001810 0.005836 0.004323 0.001652 0.000649 0.000299 0.000220 0.000356 0.000693 0.001149 0.001150 0.000557 0.000410 0.000300
3 2 -0.2 -0.1 -0.3 -0.2 0.000407 0.000622 0.000687 0.000668 0.000483 0.000410 0.000359 0.000248 0.000818 0.001701 0.003570 0.004191 0.002680 0.001224 0.000850 0.000445 0.001532 0.005605 0.028824 0.081384 0.040912 0.007518 0.002286 0.000718 0.002125 0.011281 0.103765 0.118263 0.129429 0.026183 0.003825 0.000930 0.001269 0.008178 0.060716 0.078732 0.116845 0.028174 0.002604 0.000655 0.000594 0.001962 0.007452 0.042957 0.037919 0.006011 0.001172 0.000425 0.000328 0.000555 0.001556 0.005520 0.004668 0.001863 0.000714 0.000326 0.000204 0.000332 0.000656 0.001126 0.001213 0.000599 0.000413 0.000317
3 3 -0.2 -0.1 -0.2 -0.1 0.000379 0.000606 0.000694 0.000675 0.000502 0.000412 0.000363 0.000260 0.000740 0.001582 0.003372 0.004265 0.002956 0.001323 0.000898 0.000471 0.001351 0.004903 0.023661 0.080097 0.046267 0.009184 0.002622 0.000799 0.001849 0.008914 0.092085 0.119587 0.132562 0.034102 0.004593 0.001056 0.001089 0.006405 0.054863 0.077292 0.116731 0.037462 0.003166 0.000723 0.000516 0.001687 0.006311 0.036633 0.044529 0.007284 0.001368 0.000456 0.000307 0.000516 0.001351 0.005109 0.005003 0.002102 0.000782 0.000346 0.000200 0.000293 0.000609 0.001082 0.001261 0.000640 0.000426 0.000330
3 4 -0.2 -0.1 -0.1 0.0 0.000364 0.000582 0.000693 0.000687 0.000532 0.000423 0.000363 0.000280 0.000669 0.001464 0.003129 0.004314 0.003214 0.001428 0.000952 0.000501 0.001217 0.004315 0.019406 0.076942 0.051835 0.011439 0.002982 0.000896 0.001627 0.007297 0.079048 0.121223 0.133757 0.043917 0.005465 0.001184 0.000954 0.005152 0.048640 0.076240 0.114558 0.048192 0.003819 0.000805 0.000488 0.001472 0.005524 0.030465 0.050565 0.008710 0.001580 0.000489 0.000283 0.000488 0.001183 0.004600 0.005291 0.002336 0.000846 0.000374 0.000182 0.000278 0.000564 0.001029 0.001280 0.000689 0.000436 0.000345
3 5 -0.2 -0.1 0.0 0.1 0.000346 0.000560 0.000687 0.000689 0.000550 0.000439 0.000369 0.000286 0.000607 0.001365 0.002919 0.004306 0.003458 0.001554 0.000956 0.000541 0.001105 0.003808 0.016060 0.072315 0.057569 0.014120 0.003361 0.001000 0.001457 0.006170 0.066357 0.122369 0.133618 0.055303 0.006456 0.001340 0.000867 0.004226 0.041790 0.075637 0.110820 0.059717 0.004629 0.000887 0.000450 0.001301 0.004899 0.024888 0.055155 0.010249 0.001833 0.000517 0.000261 0.000444 0.001056 0.004107 0.005527 0.002592 0.000924 0.000409 0.000178 0.000255 0.000520 0.000975 0.001281 0.000755 0.000450 0.000361
3 6 -0.2 -0.1 0.1 0.2 0.000315 0.000532 0.000694 0.000687 0.000565 0.000428 0.000373 0.000306 0.000553 0.001280 0.002684 0.004272 0.003636 0.001672 0.000993 0.000584 0.001021 0.003346 0.013343 0.066283 0.062569 0.017233 0.003751 0.001124 0.001320 0.005247 0.053970 0.123157 0.132294 0.067947 0.007668 0.001536 0.000785 0.003508 0.034995 0.075504 0.105583 0.071953 0.005685 0.001012 0.000422 0.001147 0.004389 0.020262 0.058512 0.012127 0.002127 0.000566 0.000250 0.000416 0.000956 0.003657 0.005724 0.002849 0.001010 0.000452 0.000176 0.000240 0.000489 0.000903 0.001272 0.000823 0.000456 0.000369
3 7 -0.2 -0.1 0.2 0.3 0.000299 0.000506 0.000694 0.000688 0.000587 0.000426 0.000363 0.000342 0.000527 0.001188 0.002487 0.004198 0.003785 0.001806 0.001005 0.000625 0.000950 0.002936 0.011229 0.059455 0.067862 0.020694 0.004155 0.001250 0.001181 0.004478 0.042596 0.123145 0.129548 0.081854 0.009176 0.001765 0.000699 0.002912 0.028265 0.075167 0.099242 0.084089 0.007130 0.001158 0.000388 0.001010 0.003934 0.016540 0.060022 0.014515 0.002484 0.000632 0.000244 0.000404 0.000873 0.003205 0.005838 0.003130 0.001106 0.000489 0.000168 0.000239 0.000460 0.000870 0.001253 0.000896 0.000466 0.000371
3 8 -0.2 -0.1 0.3 0.4 0.000282 0.000481 0.000683 0.000693 0.000609 0.000428 0.000365 0.000352 0.000491 0.001104 0.002273 0.004105 0.003891 0.001923 0.001032 0.000663 0.000877 0.002537 0.009536 0.052474 0.072313 0.024407 0.004576 0.001418 0.001066 0.003794 0.032621 0.122310 0.126073 0.095369 0.011081 0.002049 0.000640 0.002398 0.022165 0.074530 0.092951 0.095459 0.009221 0.001344 0.000356 0.000890 0.003453 0.013725 0.059646 0.017616 0.002952 0.000698 0.000240 0.000373 0.000781 0.002730 0.006002 0.003455 0.001230 0.000526 0.000155 0.000216 0.000435 0.000837 0.001251 0.000964 0.000485 0.000402
3 9 -0.2 -0.1 0.4 0.5 0.000266 0.000466 0.000672 0.000685 0.000626 0.000429 0.000387 0.000366 0.000454 0.001032 0.002114 0.003961 0.003956 0.002071 0.001070 0.000711 0.000836 0.002229 0.008245 0.045819 0.075979 0.028025 0.005034 0.001593 0.000988 0.003275 0.025098 0.120530 0.122620 0.106418 0.013192 0.002369 0.000595 0.002021 0.017575 0.072907 0.087936 0.104627 0.011827 0.001567 0.000330 0.000787 0.003051 0.011784 0.057522 0.021496 0.003491 0.000782 0.000235 0.000358 0.000717 0.002354 0.006070 0.003767 0.001365 0.000572 0.000149 0.000225 0.000400 0.000782 0.001212 0.001041 0.000522 0.000417
3 10 -0.2 -0.1 0.5 0.6 0.000000 0.000467 0.000657 0.000688 0.000657 0.000456 0.000396 0.000350 0.000000 0.000989 0.001988 0.003915 0.004072 0.002241 0.001112 0.000743 0.000000 0.002010 0.007418 0.041342 0.078944 0.031663 0.005536 0.001742 0.000000 0.002907 0.019418 0.118095 0.119943 0.115505 0.016038 0.002674 0.000000 0.001766 0.013836 0.070028 0.084462 0.109975 0.015157 0.001763 0.000000 0.000727 0.002673 0.010305 0.054274 0.025124 0.004008 0.000854 0.000000 0.000361 0.000665 0.002056 0.005962 0.003975 0.001468 0.000591 0.000000 0.000224 0.000380 0.000734 0.001173 0.001098 0.000534 0.000418
4 -1 -0.1 0.0 -0.6 -0.5 0.000433 0.000622 0.000617 0.000582 0.000381 0.000343 0.000341 0.000000 0.000956 0.001831 0.003248 0.003102 0.001686 0.000933 0.000666 0.000000 0.002079 0.007368 0.038093 0.062707 0.021741 0.004350 0.001459 0.000000 0.003242 0.023306 0.115925 0.125829 0.102378 0.012702 0.002384 0.000000 0.002215 0.019684 0.083134 0.089113 0.110153 0.012616 0.001679 0.000000 0.000856 0.003653 0.014274 0.065760 0.026278 0.004053 0.000838 0.000000 0.000389 0.000795 0.002663 0.007195 0.004457 0.001455 0.000579 0.000000 0.000207 0.000418 0.000872 0.001397 0.001147 0.000578 0.000438 0.000000
4 0 -0.1 0.0 -0.5 -0.4 0.000438 0.000596 0.000618 0.000571 0.000406 0.000357 0.000336 0.000202 0.000914 0.001727 0.003199 0.003133 0.001807 0.000974 0.000686 0.000371 0.001896 0.006631 0.034009 0.064972 0.024111 0.004709 0.001584 0.000561 0.002876 0.018269 0.112641 0.123654 0.111225 0.014994 0.002692 0.000737 0.001934 0.015633 0.081047 0.085670 0.115920 0.016234 0.001898 0.000584 0.000811 0.003247 0.012700 0.062607 0.030564 0.004743 0.000904 0.000402 0.000381 0.000737 0.002334 0.007145 0.004808 0.001597 0.000590 0.000290 0.000236 0.000392 0.000807 0.001376 0.001207 0.000592 0.000424 0.000292
4 1 -0.1 0.0 -0.4 -0.3 0.000417 0.000582 0.000618 0.000584 0.000425 0.000364 0.000349 0.000218 0.000843 0.001608 0.003094 0.003164 0.001940 0.000970 0.000731 0.000383 0.001666 0.005828 0.028885 0.066591 0.027337 0.005305 0.001812 0.000607 0.002492 0.014151 0.106541 0.122146 0.119930 0.018536 0.003168 0.000815 0.001633 0.012045 0.077534 0.083094 0.119883 0.021756 0.002283 0.000621 0.000713 0.002756 0.010878 0.057166 0.036874 0.005837 0.001072 0.000413 0.000369 0.000680 0.002035 0.006927 0.005231 0.001803 0.000653 0.000296 0.000227 0.000355 0.000762 0.001332 0.001271 0.000631 0.000450 0.000322
4 2 -0.1 0.0 -0.3 -0.2 0.000382 0.000575 0.000622 0.000614 0.000441 0.000373 0.000338 0.000232 0.000764 0.001491 0.002970 0.003210 0.002132 0.001042 0.000787 0.000427 0.001438 0.005055 0.023749 0.067500 0.031369 0.006286 0.002084 0.000679 0.002142 0.010738 0.096686 0.121636 0.127021 0.024035 0.003826 0.000933 0.001371 0.009078 0.071621 0.081747 0.121332 0.030238 0.002780 0.000683 0.000633 0.002328 0.009132 0.050045 0.044837 0.007378 0.001276 0.000460 0.000350 0.000628 0.001759 0.006553 0.005696 0.002069 0.000726 0.000322 0.000212 0.000337 0.000718 0.001302 0.001344 0.000668 0.000465 0.000334
4 3 -0.1 0.0 -0.2 -0.1 0.000365 0.000554 0.000622 0.000601 0.000462 0.000386 0.000327 0.000245 0.000690 0.001401 0.002807 0.003294 0.002335 0.001125 0.000820 0.000454 0.001287 0.004458 0.019761 0.066620 0.035858 0.007593 0.002376 0.000772 0.001859 0.008581 0.085532 0.122406 0.131454 0.031108 0.004569 0.001055 0.001173 0.007074 0.064505 0.081499 0.120264 0.040002 0.003355 0.000760 0.000568 0.001989 0.007754 0.042828 0.052132 0.009001 0.001500 0.000489 0.000327 0.000580 0.001514 0.006023 0.006064 0.002319 0.000806 0.000353 0.000202 0.000309 0.000661 0.001244 0.001401 0.000705 0.000481 0.000344
4 4 -0.1 0.0 -0.1 0.0 0.000339 0.000537 0.000619 0.000630 0.000467 0.000378 0.000334 0.000270 0.000630 0.001305 0.002627 0.003321 0.002544 0.001193 0.000844 0.000487 0.001140 0.003935 0.016291 0.063997 0.040522 0.009301 0.002681 0.000831 0.001648 0.007089 0.072875 0.123473 0.133825 0.040206 0.005419 0.001186 0.001027 0.005710 0.057021 0.081644 0.117152 0.051614 0.004052 0.000850 0.000515 0.001713 0.006781 0.035687 0.058768 0.010990 0.001769 0.000521 0.000302 0.000535 0.001337 0.005407 0.006430 0.002624 0.000873 0.000379 0.000200 0.000295 0.000611 0.001176 0.001449 0.000769 0.000501 0.000358
4 5 -0.1 0.0 0.0 0.1 0.000318 0.000520 0.000630 0.000622 0.000490 0.000390 0.000324 0.000283 0.000568 0.001236 0.002460 0.003373 0.002714 0.001285 0.000882 0.000508 0.001048 0.003494 0.013675 0.060144 0.045685 0.011362 0.003002 0.000929 0.001473 0.006028 0.061241 0.123647 0.134473 0.051190 0.006394 0.001355 0.000915 0.004678 0.048677 0.082088 0.112495 0.063688 0.004912 0.000939 0.000481 0.001492 0.006050 0.029321 0.063903 0.013024 0.002057 0.000555 0.000267 0.000507 0.001182 0.004804 0.006664 0.002902 0.000958 0.000414 0.000183 0.000260 0.000569 0.001099 0.001459 0.000829 0.000509 0.000376
4 6 -0.1 0.0 0.1 0.2 0.000295 0.000495 0.000618 0.000620 0.000515 0.000393 0.000346 0.000300 0.000544 0.001159 0.002279 0.003355 0.002835 0.001381 0.000897 0.000546 0.000964 0.003078 0.011451 0.054940 0.049954 0.013618 0.003304 0.001034 0.001324 0.005144 0.049425 0.123102 0.133831 0.063615 0.007552 0.001547 0.000815 0.003882 0.040713 0.083224 0.106553 0.076777 0.006021 0.001077 0.000439 0.001310 0.005470 0.024142 0.067598 0.015525 0.002406 0.000602 0.000256 0.000470 0.001075 0.004254 0.006893 0.003252 0.001056 0.000452 0.000177 0.000251 0.000524 0.001047 0.001465 0.000901 0.000523 0.000389
4 7 -0.1 0.0 0.2 0.3 0.000278 0.000473 0.000620 0.000617 0.000527 0.000400 0.000336 0.000322 0.000487 0.001082 0.002117 0.003323 0.002951 0.001476 0.000898 0.000592 0.000881 0.002708 0.009763 0.049446 0.054780 0.016081 0.003623 0.001163 0.001202 0.004393 0.038983 0.121472 0.131552 0.077055 0.008961 0.001784 0.000755 0.003224 0.032637 0.084217 0.100336 0.089493 0.007565 0.001243 0.000417 0.001141 0.004827 0.019976 0.069023 0.018385 0.002831 0.000658 0.000254 0.000434 0.000963 0.003666 0.007064 0.003615 0.001172 0.000497 0.000180 0.000235 0.000481 0.000998 0.001449 0.000966 0.000533 0.000420
4 8 -0.1 0.0 0.3 0.4 0.000266 0.000457 0.000621 0.000622 0.000538 0.000396 0.000336 0.000329 0.000451 0.001005 0.001954 0.003285 0.003026 0.001576 0.000909 0.000626 0.000826 0.002375 0.008376 0.043308 0.058920 0.018806 0.003966 0.001304 0.001109 0.003742 0.029887 0.118915 0.128684 0.090688 0.010706 0.002079 0.000676 0.002652 0.025401 0.084434 0.093982 0.101438 0.009793 0.001455 0.000380 0.000980 0.004234 0.016764 0.068471 0.022134 0.003403 0.000754 0.000245 0.000412 0.000869 0.003125 0.007164 0.004037 0.001297 0.000532 0.000174 0.000228 0.000446 0.000937 0.001438 0.001059 0.000553 0.000449
4 9 -0.1 0.0 0.4 0.5 0.000247 0.000433 0.000622 0.000617 0.000582 0.000381 0.000343 0.000341 0.000427 0.000956 0.001831 0.003248 0.003102 0.001686 0.000933 0.000666 0.000775 0.002079 0.007368 0.038093 0.062707 0.021741 0.004350 0.001459 0.000987 0.003242 0.023306 0.115925 0.125829 0.102378 0.012702 0.002384 0.000615 0.002215 0.019684 0.083134 0.089113 0.110153 0.012616 0.001679 0.000347 0.000856 0.003653 0.014274 0.065760 0.026278 0.004053 0.000838 0.000239 0.000389 0.000795 0.002663 0.007195 0.004457 0.001455 0.000579 0.000162 0.000207 0.000418 0.000872 0.001397 0.001147 0.000578 0.000438
4 10 -0.1 0.0 0.5 0.6 0.000000 0.000438 0.000596 0.000618 0.000571 0.000406 0.000357 0.000336 0.000000 0.000914 0.001727 0.003199 0.003133 0.001807 0.000974 0.000686 0.000000 0.001896 0.006631 0.034009 0.064972 0.024111 0.004709 0.001584 0.000000 0.002876 0.018269 0.112641 0.123654 0.111225 0.014994 0.002692 0.000000 0.001934 0.015633 0.081047 0.085670 0.115920 0.016234 0.001898 0.000000 0.000811 0.003247 0.012700 0.062607 0.030564 0.004743 0.000904 0.000000 0.000381 0.000737 0.002334 0.007145 0.004808 0.001597 0.000590 0.000000 0.000236 0.000392 0.000807 0.001376 0.001207 0.000592 0.000424
5 -1 0.0 0.1 -0.6 -0.5 0.000399 0.000559 0.000561 0.000499 0.000350 0.000326 0.000327 0.000000 0.000855 0.001591 0.002636 0.002386 0.001351 0.000824 0.000618 0.000000 0.001946 0.006488 0.030338 0.047857 0.015873 0.003718 0.001356 0.000000 0.003164 0.021261 0.109660 0.130111 0.095927 0.011899 0.002385 0.000000 0.002438 0.022288 0.094359 0.089674 0.114872 0.013252 0.001791 0.000000 0.000965 0.004536 0.017861 0.073756 0.032974 0.004803 0.000895 0.000000 0.000423 0.000906 0.003085 0.008823 0.005342 0.001562 0.000590 0.000000 0.000228 0.000461 0.000994 0.001656 0.001263 0.000645 0.000469 0.000000
5 0 0.0 0.1 -0.5 -0.4 0.000407 0.000538 0.000556 0.000500 0.000368 0.000330 0.000310 0.000204 0.000839 0.001499 0.002626 0.002440 0.001452 0.000864 0.000645 0.000336 0.001772 0.005922 0.027353 0.050394 0.017867 0.004042 0.001469 0.000533 0.002834 0.016881 0.105470 0.128375 0.105482 0.013911 0.002671 0.000729 0.002105 0.017340 0.092593 0.086377 0.120519 0.017172 0.002029 0.000600 0.000883 0.003924 0.015731 0.069868 0.037279 0.005640 0.000976 0.000413 0.000420 0.000830 0.002679 0.008624 0.005775 0.001720 0.000607 0.000284 0.000238 0.000420 0.000908 0.001624 0.001348 0.000670 0.000478 0.000305
5 1 0.0 0.1 -0.4 -0.3 0.000388 0.000532 0.000550 0.000515 0.000371 0.000329 0.000297 0.000212 0.000772 0.001403 0.002550 0.002496 0.001568 0.000843 0.000676 0.000365 0.001550 0.005208 0.023285 0.052359 0.020405 0.004509 0.001678 0.000582 0.002448 0.013117 0.098476 0.126703 0.114989 0.017032 0.003154 0.000803 0.001780 0.013193 0.088971 0.084299 0.124171 0.023096 0.002419 0.000658 0.000780 0.003302 0.013358 0.063884 0.044159 0.007120 0.001163 0.000436 0.000394 0.000766 0.002343 0.008272 0.006389 0.001958 0.000664 0.000296 0.000238 0.000376 0.000847 0.001564 0.001422 0.000708 0.000488 0.000324
5 2 0.0 0.1 -0.3 -0.2 0.000362 0.000512 0.000553 0.000534 0.000388 0.000348 0.000300 0.000232 0.000695 0.001316 0.002439 0.002500 0.001688 0.000896 0.000710 0.000383 0.001356 0.004542 0.019193 0.052444 0.023095 0.005206 0.001892 0.000643 0.002117 0.010083 0.088034 0.126392 0.122914 0.021547 0.003776 0.000924 0.001493 0.009997 0.083147 0.083848 0.125198 0.031926 0.002950 0.000722 0.000690 0.002784 0.011461 0.056787 0.052554 0.009171 0.001400 0.000475 0.000371 0.000690 0.002027 0.007859 0.007085 0.002272 0.000740 0.000322 0.000219 0.000352 0.000786 0.001531 0.001532 0.000755 0.000506 0.000335
5 3 0.0 0.1 -0.2 -0.1 0.000335 0.000505 0.000562 0.000535 0.000410 0.000340 0.000315 0.000252 0.000644 0.001240 0.002332 0.002576 0.001847 0.000951 0.000738 0.000426 0.001206 0.004027 0.016148 0.052517 0.026842 0.006215 0.002147 0.000714 0.001861 0.008164 0.077542 0.126032 0.128784 0.028112 0.004511 0.001050 0.001267 0.007790 0.074794 0.084661 0.123123 0.042160 0.003544 0.000805 0.000605 0.002359 0.009688 0.048694 0.059913 0.011350 0.001655 0.000501 0.000346 0.000631 0.001732 0.007158 0.007561 0.002580 0.000825 0.000354 0.000212 0.000323 0.000729 0.001454 0.001607 0.000805 0.000532 0.000360
5 4 0.0 0.1 -0.1 0.0 0.000308 0.000496 0.000552 0.000543 0.000421 0.000346 0.000293 0.000250 0.000593 0.001174 0.002189 0.002631 0.002002 0.001016 0.000771 0.000446 0.001086 0.003561 0.013554 0.050427 0.030721 0.007452 0.002393 0.000783 0.001664 0.006771 0.065648 0.125781 0.132559 0.036377 0.005359 0.001200 0.001099 0.006231 0.065495 0.086322 0.119448 0.054388 0.004297 0.000900 0.000556 0.002008 0.008515 0.040846 0.066949 0.014077 0.001959 0.000543 0.000330 0.000591 0.001519 0.006387 0.008004 0.002927 0.000910 0.000381 0.000211 0.000295 0.000664 0.001355 0.001662 0.000852 0.000544 0.000368
5 5 0.0 0.1 0.0 0.1 0.000301 0.000473 0.000560 0.000543 0.000423 0.000335 0.000291 0.000270 0.000548 0.001102 0.002062 0.002645 0.002104 0.001077 0.000776 0.000478 0.000997 0.003151 0.011421 0.047257 0.034386 0.008859 0.002631 0.000871 0.001489 0.005778 0.054549 0.124451 0.134139 0.046587 0.006277 0.001362 0.000981 0.005148 0.056109 0.088643 0.114109 0.067385 0.005208 0.001004 0.000511 0.001724 0.007677 0.034114 0.072384 0.017070 0.002316 0.000582 0.000293 0.000537 0.001355 0.005648 0.008366 0.003299 0.000996 0.000419 0.000200 0.000276 0.000612 0.001273 0.001683 0.000931 0.000559 0.000391
5 6 0.0 0.1 0.1 0.2 0.000284 0.000450 0.000548 0.000543 0.000443 0.000338 0.000299 0.000287 0.000501 0.001047 0.001932 0.002680 0.002224 0.001150 0.000805 0.000506 0.000906 0.002795 0.009819 0.043723 0.038215 0.010475 0.002882 0.000967 0.001357 0.004948 0.044287 0.122143 0.134635 0.058192 0.007375 0.001545 0.000880 0.004266 0.046585 0.090930 0.107901 0.080478 0.006353 0.001153 0.000482 0.001500 0.006930 0.028500 0.075827 0.020007 0.002714 0.000621 0.000269 0.000507 0.001207 0.004932 0.008522 0.003682 0.001098 0.000457 0.000187 0.000255 0.000579 0.001211 0.001682 0.001004 0.000571 0.000413
5 7 0.0 0.1 0.2 0.3 0.000264 0.000442 0.000556 0.000541 0.000459 0.000352 0.000311 0.000302 0.000458 0.000984 0.001798 0.002686 0.002302 0.001217 0.000804 0.000548 0.000839 0.002490 0.008448 0.039329 0.042099 0.012216 0.003137 0.001077 0.001240 0.004260 0.035061 0.118691 0.133636 0.071262 0.008631 0.001777 0.000784 0.003549 0.037000 0.093102 0.101360 0.093744 0.007980 0.001317 0.000430 0.001289 0.006102 0.023912 0.076973 0.023740 0.003239 0.000701 0.000262 0.000482 0.001111 0.004253 0.008664 0.004167 0.001222 0.000495 0.000181 0.000260 0.000515 0.001139 0.001679 0.001078 0.000604 0.000451
5 8 0.0 0.1 0.3 0.4 0.000245 0.000412 0.000555 0.000562 0.000473 0.000356 0.000315 0.000324 0.000424 0.000916 0.001684 0.002665 0.002361 0.001275 0.000802 0.000579 0.000767 0.002188 0.007324 0.034450 0.045542 0.014089 0.003408 0.001206 0.001116 0.003638 0.026886 0.114360 0.131906 0.084916 0.010239 0.002067 0.000704 0.002906 0.028429 0.094524 0.094659 0.105988 0.010370 0.001554 0.000403 0.001108 0.005245 0.020349 0.076231 0.028157 0.003956 0.000790 0.000247 0.000444 0.000984 0.003572 0.008794 0.004729 0.001380 0.000545 0.000177 0.000236 0.000485 0.001059 0.001676 0.001173 0.000626 0.000451
5 9 0.0 0.1 0.4 0.5 0.000239 0.000399 0.000559 0.000561 0.000499 0.000350 0.000326 0.000327 0.000402 0.000855 0.001591 0.002636 0.002386 0.001351 0.000824 0.000618 0.000726 0.001946 0.006488 0.030338 0.047857 0.015873 0.003718 0.001356 0.001028 0.003164 0.021261 0.109660 0.130111 0.095927 0.011899 0.002385 0.000646 0.002438 0.022288 0.094359 0.089674 0.114872 0.013252 0.001791 0.000377 0.000965 0.004536 0.017861 0.073756 0.032974 0.004803 0.000895 0.000236 0.000423 0.000906 0.003085 0.008823 0.005342 0.001562 0.000590 0.000171 0.000228 0.000461 0.000994 0.001656 0.001263 0.000645 0.000469
5 10 0.0 0.1 0.5 0.6 0.000000 0.000407 0.000538 0.000556 0.000500 0.000368 0.000330 0.000310 0.000000 0.000839 0.001499 0.002626 0.002440 0.001452 0.000864 0.000645 0.000000 0.001772 0.005922 0.027353 0.050394 0.017867 0.004042 0.001469 0.000000 0.002834 0.016881 0.105470 0.128375 0.105482 0.013911 0.002671 0.000000 0.002105 0.017340 0.092593 0.086377 0.120519 0.017172 0.002029 0.000000 0.000883 0.003924 0.015731 0.069868 0.037279 0.005640 0.000976 0.000000 0.000420 0.000830 0.002679 0.008624 0.005775 0.001720 0.000607 0.000000 0.000238 0.000420 0.000908 0.001624 0.001348 0.000670 0.000478
6 -1 0.1 0.2 -0.6 -0.5 0.000373 0.000511 0.000497 0.000442 0.000312 0.000298 0.000299 0.000000 0.000780 0.001370 0.002148 0.001915 0.001105 0.000725 0.000577 0.000000 0.001791 0.005699 0.023418 0.035696 0.011692 0.003149 0.001253 0.000000 0.003021 0.018820 0.102406 0.132181 0.088283 0.011015 0.002328 0.000000 0.002642 0.024161 0.104541 0.092703 0.117839 0.013780 0.001897 0.000000 0.001066 0.005514 0.021724 0.079488 0.041057 0.005613 0.000965 0.000000 0.000459 0.001025 0.003559 0.011057 0.006303 0.001672 0.000594 0.000000 0.000240 0.000468 0.001116 0.001959 0.001418 0.000736 0.000496 0.000000
6 0 0.1 0.2 -0.5 -0.4 0.000384 0.000492 0.000489 0.000456 0.000322 0.000316 0.000285 0.000203 0.000759 0.001299 0.002104 0.001947 0.001174 0.000748 0.000589 0.000313 0.001644 0.005199 0.021231 0.037251 0.012894 0.003400 0.001359 0.000516 0.002712 0.015252 0.096807 0.131125 0.097312 0.012687 0.002610 0.000725 0.002295 0.018844 0.103711 0.089713 0.123596 0.017882 0.002131 0.000623 0.000975 0.004787 0.019472 0.075596 0.045729 0.006745 0.001051 0.000445 0.000450 0.000939 0.003138 0.010863 0.006965 0.001856 0.000610 0.000284 0.000241 0.000431 0.001028 0.001910 0.001512 0.000772 0.000506 0.000294
6 1 0.1 0.2 -0.4 -0.3 0.000366 0.000481 0.000494 0.000470 0.000332 0.000311 0.000281 0.000206 0.000700 0.001230 0.002069 0.001962 0.001249 0.000743 0.000616 0.000333 0.001459 0.004616 0.018327 0.038707 0.014511 0.003745 0.001511 0.000544 0.002352 0.012042 0.088853 0.130125 0.107011 0.015153 0.003066 0.000804 0.001928 0.014378 0.100186 0.087788 0.127168 0.023838 0.002538 0.000688 0.000851 0.004013 0.016913 0.069944 0.052742 0.008557 0.001258 0.000469 0.000415 0.000852 0.002722 0.010334 0.007920 0.002140 0.000687 0.000302 0.000241 0.000388 0.000943 0.001857 0.001603 0.000813 0.000521 0.000336
6 2 0.1 0.2 -0.3 -0.2 0.000345 0.000475 0.000487 0.000472 0.000346 0.000314 0.000277 0.000224 0.000643 0.001162 0.001997 0.002035 0.001361 0.000791 0.000663 0.000356 0.001283 0.004075 0.015369 0.039783 0.017091 0.004324 0.001707 0.000621 0.002044 0.009359 0.078585 0.129172 0.116444 0.019385 0.003678 0.000915 0.001595 0.010666 0.093161 0.087790 0.127542 0.033197 0.003101 0.000762 0.000743 0.003269 0.014185 0.061906 0.060889 0.011280 0.001520 0.000507 0.000387 0.000767 0.002317 0.009476 0.008863 0.002496 0.000760 0.000325 0.000227 0.000358 0.000856 0.001785 0.001730 0.000851 0.000553 0.000350
6 3 0.1 0.2 -0.2 -0.1 0.000325 0.000470 0.000491 0.000488 0.000368 0.000311 0.000281 0.000232 0.000582 0.001099 0.001915 0.002075 0.001464 0.000820 0.000676 0.000375 0.001145 0.003603 0.013079 0.039158 0.019448 0.004989 0.001883 0.000662 0.001807 0.007644 0.068172 0.128357 0.123055 0.024901 0.004380 0.001036 0.001360 0.008339 0.084401 0.090087 0.125446 0.043559 0.003721 0.000847 0.000661 0.002755 0.012368 0.053900 0.068372 0.014292 0.001814 0.000537 0.000367 0.000719 0.002007 0.008650 0.009719 0.002864 0.000847 0.000357 0.000218 0.000331 0.000796 0.001700 0.001828 0.000913 0.000579 0.000356
6 4 0.1 0.2 -0.1 0.0 0.000307 0.000455 0.000487 0.000495 0.000373 0.000316 0.000268 0.000233 0.000541 0.001043 0.001822 0.002112 0.001571 0.000858 0.000687 0.000406 0.001029 0.003184 0.011103 0.037960 0.022317 0.005839 0.002091 0.000741 0.001613 0.006395 0.057122 0.126694 0.128037 0.032347 0.005190 0.001180 0.001167 0.006705 0.073651 0.092861 0.121455 0.056238 0.004512 0.000955 0.000603 0.002322 0.010917 0.045879 0.075096 0.017971 0.002193 0.000577 0.000343 0.000654 0.001742 0.007657 0.010366 0.003283 0.000941 0.000387 0.000220 0.000310 0.000723 0.001592 0.001907 0.000983 0.000600 0.000375
6 5 0.1 0.2 0.0 0.1 0.000291 0.000436 0.000490 0.000486 0.000391 0.000314 0.000271 0.000244 0.000498 0.000981 0.001732 0.002135 0.001670 0.000904 0.000705 0.000437 0.000934 0.002840 0.009528 0.035612 0.025063 0.006832 0.002302 0.000811 0.001475 0.005488 0.047563 0.123862 0.131258 0.041266 0.006031 0.001335 0.001044 0.005546 0.062779 0.095929 0.116352 0.069017 0.005422 0.001071 0.000550 0.001993 0.009899 0.039009 0.080173 0.021943 0.002578 0.000604 0.000312 0.000618 0.001555 0.006725 0.010870 0.003703 0.001045 0.000415 0.000205 0.000292 0.000657 0.001485 0.001945 0.001045 0.000627 0.000409
6 6 0.1 0.2 0.1 0.2 0.000274 0.000429 0.000503 0.000496 0.000404 0.000306 0.000293 0.000259 0.000454 0.000941 0.001640 0.002165 0.001757 0.000968 0.000708 0.000460 0.000847 0.002538 0.008299 0.033229 0.028333 0.007974 0.002504 0.000918 0.001351 0.004689 0.038397 0.119795 0.133032 0.052569 0.007088 0.001528 0.000917 0.004596 0.051481 0.098855 0.110259 0.082964 0.006670 0.001221 0.000503 0.001697 0.008752 0.032915 0.082906 0.025920 0.003081 0.000667 0.000287 0.000572 0.001393 0.005772 0.011013 0.004193 0.001159 0.000455 0.000198 0.000264 0.000612 0.001381 0.001961 0.001121 0.000642 0.000425
6 7 0.1 0.2 0.2 0.3 0.000256 0.000413 0.000505 0.000498 0.000414 0.000311 0.000277 0.000273 0.000424 0.000883 0.001546 0.002152 0.001808 0.001003 0.000705 0.000505 0.000776 0.002258 0.007230 0.029711 0.030743 0.009108 0.002701 0.001016 0.001233 0.004024 0.030412 0.114376 0.133569 0.064303 0.008193 0.001743 0.000819 0.003834 0.040973 0.102062 0.104158 0.096464 0.008355 0.001404 0.000461 0.001469 0.007702 0.028417 0.083955 0.030627 0.003711 0.000747 0.000273 0.000526 0.001257 0.004954 0.011273 0.004789 0.001306 0.000488 0.000188 0.000251 0.000566 0.001306 0.001959 0.001210 0.000675 0.000456
6 8 0.1 0.2 0.3 0.4 0.000235 0.000395 0.000511 0.000505 0.000432 0.000312 0.000286 0.000299 0.000399 0.000825 0.001445 0.002155 0.001859 0.001043 0.000720 0.000538 0.000715 0.001995 0.006371 0.026328 0.033351 0.010313 0.002925 0.001128 0.001124 0.003454 0.023700 0.108278 0.133203 0.077214 0.009534 0.002023 0.000724 0.003163 0.031204 0.104125 0.097741 0.108976 0.010835 0.001638 0.000430 0.001247 0.006507 0.024640 0.082505 0.035723 0.004569 0.000850 0.000260 0.000494 0.001125 0.004139 0.011308 0.005527 0.001482 0.000548 0.000177 0.000249 0.000507 0.001201 0.001986 0.001328 0.000706 0.000474
6 9 0.1 0.2 0.4 0.5 0.000226 0.000373 0.000511 0.000497 0.000442 0.000312 0.000298 0.000299 0.000373 0.000780 0.001370 0.002148 0.001915 0.001105 0.000725 0.000577 0.000670 0.001791 0.005699 0.023418 0.035696 0.011692 0.003149 0.001253 0.001053 0.003021 0.018820 0.102406 0.132181 0.088283 0.011015 0.002328 0.000667 0.002642 0.024161 0.104541 0.092703 0.117839 0.013780 0.001897 0.000400 0.001066 0.005514 0.021724 0.079488 0.041057 0.005613 0.000965 0.000245 0.000459 0.001025 0.003559 0.011057 0.006303 0.001672 0.000594 0.000169 0.000240 0.000468 0.001116 0.001959 0.001418 0.000736 0.000496
6 10 0.1 0.2 0.5 0.6 0.000000 0.000384 0.000492 0.000489 0.000456 0.000322 0.000316 0.000285 0.000000 0.000759 0.001299 0.002104 0.001947 0.001174 0.000748 0.000589 0.000000 0.001644 0.005199 0.021231 0.037251 0.012894 0.003400 0.001359 0.000000 0.002712 0.015252 0.096807 0.131125 0.097312 0.012687 0.002610 0.000000 0.002295 0.018844 0.103711 0.089713 0.123596 0.017882 0.002131 0.000000 0.000975 0.004787 0.019472 0.075596 0.045729 0.006745 0.001051 0.000000 0.000450 0.000939 0.003138 0.010863 0.006965 0.001856 0.000610 0.000000 0.000241 0.000431 0.001028 0.001910 0.001512 0.000772 0.000506
7 -1 0.2 0.3 -0.6 -0.5 0.000351 0.000458 0.000447 0.000418 0.000280 0.000274 0.000276 0.000000 0.000722 0.001207 0.001727 0.001553 0.000913 0.000638 0.000540 0.000000 0.001645 0.004962 0.017738 0.025546 0.008554 0.002658 0.001162 0.000000 0.002881 0.016633 0.093678 0.131760 0.079107 0.010081 0.002260 0.000000 0.002860 0.025965 0.113721 0.095645 0.119552 0.014268 0.001983 0.000000 0.001195 0.006754 0.026432 0.083138 0.050974 0.006567 0.001040 0.000000 0.000488 0.001173 0.004171 0.014511 0.007581 0.001823 0.000608 0.000000 0.000243 0.000488 0.001239 0.002333 0.001617 0.000828 0.000531 0.000000
7 0 0.2 0.3 -0.5 -0.4 0.000374 0.000447 0.000427 0.000401 0.000298 0.000282 0.000267 0.000196 0.000700 0.001155 0.001709 0.001590 0.000977 0.000665 0.000550 0.000291 0.001533 0.004548 0.016352 0.027227 0.009559 0.002844 0.001242 0.000478 0.002623 0.013766 0.087898 0.131401 0.088077 0.011471 0.002545 0.000710 0.002481 0.020168 0.112828 0.092613 0.125440 0.018168 0.002230 0.000656 0.001074 0.005756 0.023868 0.079309 0.055323 0.007928 0.001144 0.000465 0.000489 0.001075 0.003670 0.013789 0.008448 0.002025 0.000637 0.000288 0.000250 0.000445 0.001151 0.002279 0.001704 0.000853 0.000549 0.000291
7 1 0.2 0.3 -0.4 -0.3 0.000356 0.000441 0.000442 0.000422 0.000307 0.000275 0.000264 0.000204 0.000639 0.001098 0.001686 0.001610 0.001030 0.000652 0.000576 0.000311 0.001358 0.004057 0.014184 0.027954 0.010618 0.003077 0.001372 0.000516 0.002267 0.010998 0.078968 0.130941 0.097730 0.013576 0.002995 0.000802 0.002082 0.015228 0.109836 0.090924 0.129070 0.024321 0.002661 0.000727 0.000923 0.004779 0.021012 0.073530 0.062583 0.010281 0.001372 0.000501 0.000445 0.000971 0.003199 0.013025 0.009915 0.002339 0.000700 0.000311 0.000242 0.000409 0.001051 0.002204 0.001833 0.000915 0.000567 0.000314
7 2 0.2 0.3 -0.3 -0.2 0.000324 0.000434 0.000478 0.000430 0.000312 0.000290 0.000257 0.000225 0.000585 0.001034 0.001636 0.001637 0.001108 0.000683 0.000586 0.000323 0.001202 0.003592 0.012167 0.028550 0.012215 0.003459 0.001530 0.000584 0.001962 0.008684 0.068321 0.129929 0.107434 0.017047 0.003573 0.000902 0.001719 0.011235 0.102264 0.091651 0.129669 0.033673 0.003266 0.000806 0.000804 0.003856 0.018144 0.065917 0.070626 0.013844 0.001682 0.000529 0.000399 0.000870 0.002722 0.011868 0.011464 0.002764 0.000796 0.000330 0.000234 0.000380 0.000959 0.002140 0.001973 0.000983 0.000607 0.000333
7 3 0.2 0.3 -0.2 -0.1 0.000305 0.000433 0.000437 0.000425 0.000316 0.000299 0.000247 0.000217 0.000543 0.000989 0.001584 0.001682 0.001185 0.000718 0.000603 0.000343 0.001071 0.003206 0.010563 0.028376 0.014097 0.003961 0.001689 0.000639 0.001760 0.007199 0.058608 0.128475 0.114928 0.021784 0.004223 0.001026 0.001467 0.008821 0.092705 0.094292 0.127394 0.044094 0.003901 0.000894 0.000709 0.003200 0.015902 0.058247 0.077143 0.017838 0.002006 0.000559 0.000378 0.000790 0.002331 0.010579 0.012779 0.003196 0.000886 0.000362 0.000234 0.000351 0.000844 0.002018 0.002104 0.001055 0.000628 0.000356
7 4 0.2 0.3 -0.1 0.0 0.000298 0.000429 0.000444 0.000426 0.000335 0.000300 0.000271 0.000234 0.000500 0.000941 0.001527 0.001722 0.001276 0.000738 0.000626 0.000365 0.000964 0.002857 0.009165 0.027650 0.016097 0.004576 0.001866 0.000704 0.001596 0.006061 0.049061 0.125642 0.121155 0.028186 0.004965 0.001155 0.001259 0.007099 0.080575 0.098038 0.123418 0.056563 0.004724 0.001003 0.000632 0.002678 0.014174 0.050362 0.082915 0.022675 0.002407 0.000598 0.000363 0.000731 0.002034 0.009258 0.013746 0.003663 0.000987 0.000394 0.000221 0.000319 0.000772 0.001867 0.002216 0.001128 0.000660 0.000390
7 5 0.2 0.3 0.0 0.1 0.000270 0.000405 0.000457 0.000440 0.000354 0.000283 0.000275 0.000240 0.000467 0.000887 0.001468 0.001740 0.001342 0.000780 0.000642 0.000399 0.000874 0.002556 0.008048 0.026324 0.018221 0.005260 0.002016 0.000766 0.001445 0.005200 0.040534 0.121578 0.125732 0.036457 0.005760 0.001308 0.001100 0.005891 0.068460 0.101829 0.118476 0.069567 0.005695 0.001125 0.000586 0.002279 0.012707 0.043567 0.086677 0.027488 0.002888 0.000650 0.000342 0.000680 0.001809 0.008028 0.014435 0.004158 0.001099 0.000424 0.000224 0.000311 0.000696 0.001712 0.002274 0.001199 0.000682 0.000411
7 6 0.2 0.3 0.1 0.2 0.000267 0.000395 0.000443 0.000435 0.000356 0.000279 0.000261 0.000241 0.000426 0.000837 0.001405 0.001749 0.001409 0.000803 0.000650 0.000424 0.000790 0.002283 0.007072 0.024390 0.020137 0.005993 0.002193 0.000867 0.001329 0.004447 0.032738 0.115881 0.128897 0.046037 0.006639 0.001485 0.000976 0.004916 0.056143 0.105883 0.112766 0.083678 0.006967 0.001272 0.000536 0.001942 0.011286 0.037908 0.088585 0.033101 0.003478 0.000715 0.000309 0.000628 0.001612 0.006887 0.014901 0.004753 0.001234 0.000458 0.000209 0.000280 0.000639 0.001618 0.002305 0.001291 0.000725 0.000439
7 7 0.2 0.3 0.2 0.3 0.000253 0.000385 0.000443 0.000435 0.000374 0.000289 0.000262 0.000261 0.000397 0.000802 0.001336 0.001757 0.001469 0.000853 0.000626 0.000468 0.000731 0.002054 0.006226 0.022211 0.022228 0.006795 0.002328 0.000952 0.001218 0.003857 0.026283 0.109105 0.130681 0.056818 0.007606 0.001697 0.000860 0.004128 0.044533 0.109643 0.106875 0.097273 0.008692 0.001471 0.000497 0.001653 0.009676 0.033422 0.088432 0.038639 0.004214 0.000793 0.000297 0.000583 0.001454 0.005838 0.014959 0.005493 0.001396 0.000515 0.000199 0.000262 0.000588 0.001499 0.002326 0.001371 0.000749 0.000469
7 8 0.2 0.3 0.3 0.4 0.000236 0.000375 0.000448 0.000435 0.000398 0.000282 0.000269 0.000272 0.000382 0.000749 0.001264 0.001750 0.001509 0.000880 0.000629 0.000505 0.000670 0.001832 0.005519 0.019734 0.024018 0.007676 0.002504 0.001058 0.001127 0.003311 0.020539 0.101096 0.131662 0.068684 0.008800 0.001971 0.000764 0.003394 0.033780 0.112572 0.100507 0.110231 0.011244 0.001715 0.000456 0.001380 0.008027 0.029594 0.086433 0.045136 0.005266 0.000912 0.000274 0.000528 0.001296 0.004875 0.014937 0.006470 0.001596 0.000549 0.000191 0.000251 0.000533 0.001369 0.002347 0.001501 0.000784 0.000505
7 9 0.2 0.3 0.4 0.5 0.000215 0.000351 0.000458 0.000447 0.000418 0.000280 0.000274 0.000276 0.000355 0.000722 0.001207 0.001727 0.001553 0.000913 0.000638 0.000540 0.000634 0.001645 0.004962 0.017738 0.025546 0.008554 0.002658 0.001162 0.001039 0.002881 0.016633 0.093678 0.131760 0.079107 0.010081 0.002260 0.000695 0.002860 0.025965 0.113721 0.095645 0.119552 0.014268 0.001983 0.000421 0.001195 0.006754 0.026432 0.083138 0.050974 0.006567 0.001040 0.000261 0.000488 0.001173 0.004171 0.014511 0.007581 0.001823 0.000608 0.000185 0.000243 0.000488 0.001239 0.002333 0.001617 0.000828 0.000531
7 10 0.2 0.3 0.5 0.6 0.000000 0.000374 0.000447 0.000427 0.000401 0.000298 0.000282 0.000267 0.000000 0.000700 0.001155 0.001709 0.001590 0.000977 0.000665 0.000550 0.000000 0.001533 0.004548 0.016352 0.027227 0.009559 0.002844 0.001242 0.000000 0.002623 0.013766 0.087898 0.131401 0.088077 0.011471 0.002545 0.000000 0.002481 0.020168 0.112828 0.092613 0.125440 0.018168 0.002230 0.000000 0.001074 0.005756 0.023868 0.079309 0.055323 0.007928 0.001144 0.000000 0.000489 0.001075 0.003670 0.013789 0.008448 0.002025 0.000637 0.000000 0.000250 0.000445 0.001151 0.002279 0.001704 0.000853 0.000549
8 -1 0.3 0.4 -0.6 -0.5 0.000326 0.000422 0.000398 0.000367 0.000257 0.000262 0.000246 0.000000 0.000664 0.001082 0.001405 0.001265 0.000771 0.000566 0.000502 0.000000 0.001518 0.004272 0.013040 0.017763 0.006306 0.002199 0.001057 0.000000 0.002759 0.014498 0.084762 0.127758 0.069304 0.009044 0.002185 0.000000 0.003046 0.027215 0.121114 0.098796 0.119544 0.014565 0.002091 0.000000 0.001316 0.008213 0.032412 0.085465 0.062380 0.007591 0.001123 0.000000 0.000540 0.001368 0.004959 0.019383 0.009109 0.001993 0.000643 0.000000 0.000261 0.000510 0.001399 0.002783 0.001853 0.000927 0.000547 0.000000
8 0 0.3 0.4 -0.5 -0.4 0.000351 0.000397 0.000396 0.000365 0.000273 0.000264 0.000238 0.000186 0.000649 0.001039 0.001385 0.001301 0.000820 0.000581 0.000501 0.000273 0.001421 0.003959 0.012264 0.018827 0.006964 0.002342 0.001130 0.000447 0.002484 0.012325 0.078473 0.128309 0.077208 0.010178 0.002450 0.000695 0.002650 0.020908 0.120406 0.095868 0.125884 0.018533 0.002350 0.000691 0.001181 0.006926 0.029828 0.081686 0.066862 0.009336 0.001237 0.000487 0.000530 0.001256 0.004375 0.018332 0.010466 0.002234 0.000662 0.000296 0.000265 0.000475 0.001278 0.002720 0.001963 0.000976 0.000552 0.000291
8 1 0.3 0.4 -0.4 -0.3 0.000333 0.000407 0.000396 0.000377 0.000281 0.000266 0.000247 0.000202 0.000595 0.000995 0.001375 0.001323 0.000858 0.000590 0.000533 0.000284 0.001269 0.003545 0.010900 0.019441 0.007781 0.002510 0.001262 0.000488 0.002173 0.010069 0.069470 0.128237 0.086543 0.011945 0.002871 0.000781 0.002232 0.015873 0.117150 0.094100 0.130038 0.024379 0.002817 0.000762 0.001024 0.005685 0.026641 0.076386 0.073410 0.012185 0.001492 0.000520 0.000486 0.001132 0.003800 0.016925 0.012423 0.002592 0.000738 0.000320 0.000257 0.000431 0.001160 0.002653 0.002104 0.001034 0.000591 0.000314
8 2 0.3 0.4 -0.3 -0.2 0.000313 0.000396 0.000402 0.000379 0.000277 0.000271 0.000239 0.000203 0.000567 0.000954 0.001349 0.001353 0.000921 0.000620 0.000554 0.000295 0.001120 0.003165 0.009589 0.019919 0.008919 0.002790 0.001400 0.000555 0.001896 0.008124 0.059419 0.127464 0.096095 0.014934 0.003418 0.000890 0.001845 0.011655 0.109244 0.094793 0.131217 0.033406 0.003418 0.000855 0.000878 0.004537 0.023372 0.069345 0.080374 0.016576 0.001835 0.000555 0.000441 0.001000 0.003225 0.015112 0.014720 0.003049 0.000833 0.000340 0.000248 0.000385 0.001047 0.002546 0.002276 0.001114 0.000634 0.000338
8 3 0.3 0.4 -0.2 -0.1 0.000288 0.000397 0.000447 0.000398 0.000279 0.000279 0.000250 0.000222 0.000514 0.000901 0.001317 0.001374 0.000976 0.000628 0.000556 0.000312 0.000998 0.002841 0.008515 0.019959 0.010186 0.003151 0.001525 0.000611 0.001698 0.006801 0.050119 0.125161 0.104186 0.018961 0.003992 0.001007 0.001575 0.009138 0.098644 0.098010 0.129477 0.043500 0.004111 0.000946 0.000771 0.003718 0.020812 0.062241 0.086043 0.021752 0.002216 0.000599 0.000398 0.000910 0.002780 0.013298 0.016754 0.003567 0.000934 0.000374 0.000239 0.000371 0.000924 0.002387 0.002443 0.001195 0.000656 0.000368
8 4 0.3 0.4 -0.1 0.0 0.000279 0.000384 0.000391 0.000389 0.000287 0.000261 0.000235 0.000231 0.000478 0.000858 0.001279 0.001398 0.001041 0.000650 0.000558 0.000344 0.000911 0.002568 0.007519 0.019485 0.011514 0.003593 0.001660 0.000663 0.001542 0.005742 0.041312 0.121749 0.111385 0.024642 0.004654 0.001127 0.001357 0.007377 0.085900 0.102500 0.126025 0.055773 0.004961 0.001060 0.000691 0.003076 0.018522 0.054897 0.090003 0.027825 0.002686 0.000636 0.000366 0.000833 0.002428 0.011455 0.018378 0.004106 0.001050 0.000411 0.000228 0.000338 0.000826 0.002206 0.002567 0.001291 0.000700 0.000395
8 5 0.3 0.4 0.0 0.1 0.000264 0.000384 0.000399 0.000385 0.000322 0.000257 0.000237 0.000232 0.000442 0.000812 0.001245 0.001409 0.001099 0.000680 0.000555 0.000365 0.000824 0.002308 0.006710 0.018706 0.012965 0.004082 0.001783 0.000737 0.001418 0.004941 0.033979 0.116578 0.116819 0.031555 0.005355 0.001273 0.001186 0.006145 0.072771 0.107159 0.121544 0.068781 0.005982 0.001185 0.000630 0.002586 0.016446 0.048551 0.092527 0.034150 0.003228 0.000684 0.000353 0.000763 0.002153 0.009845 0.019388 0.004707 0.001173 0.000441 0.000215 0.000317 0.000747 0.002027 0.002659 0.001374 0.000740 0.000428
8 6 0.3 0.4 0.1 0.2 0.000251 0.000373 0.000404 0.000388 0.000328 0.000261 0.000241 0.000244 0.000404 0.000771 0.001211 0.001433 0.001150 0.000698 0.000557 0.000405 0.000746 0.002081 0.005976 0.017568 0.014389 0.004616 0.001894 0.000813 0.001309 0.004239 0.027640 0.109891 0.121285 0.040057 0.006134 0.001440 0.001049 0.005153 0.059436 0.111826 0.115927 0.082798 0.007296 0.001340 0.000576 0.002186 0.014300 0.043213 0.093085 0.041057 0.003899 0.000762 0.000333 0.000701 0.001927 0.008279 0.019937 0.005444 0.001321 0.000477 0.000217 0.000301 0.000686 0.001863 0.002717 0.001477 0.000780 0.000444
8 7 0.3 0.4 0.2 0.3 0.000244 0.000355 0.000407 0.000388 0.000334 0.000261 0.000246 0.000254 0.000374 0.000726 0.001164 0.001417 0.001191 0.000722 0.000553 0.000438 0.000687 0.001882 0.005344 0.016096 0.015683 0.005165 0.001986 0.000884 0.001212 0.003663 0.022182 0.102010 0.124288 0.049735 0.007005 0.001641 0.000929 0.004324 0.046923 0.116074 0.109822 0.096760 0.009063 0.001550 0.000524 0.001844 0.012131 0.039130 0.091914 0.048201 0.004770 0.000852 0.000312 0.000644 0.001718 0.006929 0.020186 0.006361 0.001503 0.000525 0.000210 0.000286 0.000617 0.001719 0.002750 0.001587 0.000824 0.000480
8 8 0.3 0.4 0.3 0.4 0.000228 0.000338 0.000412 0.000411 0.000353 0.000260 0.000254 0.000252 0.000359 0.000689 0.001117 0.001414 0.001249 0.000754 0.000560 0.000471 0.000631 0.001679 0.004785 0.014579 0.016917 0.005738 0.002102 0.000975 0.001120 0.003151 0.017820 0.093308 0.126641 0.059813 0.008004 0.001896 0.000820 0.003616 0.035608 0.119338 0.103677 0.109695 0.011550 0.001803 0.000488 0.001549 0.009988 0.035633 0.089196 0.055298 0.006027 0.000968 0.000299 0.000584 0.001526 0.005789 0.019897 0.007608 0.001729 0.000571 0.000199 0.000274 0.000562 0.001549 0.002777 0.001730 0.000868 0.000505
8 9 0.3 0.4 0.4 0.5 0.000211 0.000326 0.000422 0.000398 0.000367 0.000257 0.000262 0.000246 0.000335 0.000664 0.001082 0.001405 0.001265 0.000771 0.000566 0.000502 0.000597 0.001518 0.004272 0.013040 0.017763 0.006306 0.002199 0.001057 0.001047 0.002759 0.014498 0.084762 0.127758 0.069304 0.009044 0.002185 0.000737 0.003046 0.027215 0.121114 0.098796 0.119544 0.014565 0.002091 0.000459 0.001316 0.008213 0.032412 0.085465 0.062380 0.007591 0.001123 0.000274 0.000540 0.001368 0.004959 0.019383 0.009109 0.001993 0.000643 0.000195 0.000261 0.000510 0.001399 0.002783 0.001853 0.000927 0.000547
8 10 0.3 0.4 0.5 0.6 0.000000 0.000351 0.000397 0.000396 0.000365 0.000273 0.000264 0.000238 0.000000 0.000649 0.001039 0.001385 0.001301 0.000820 0.000581 0.000501 0.000000 0.001421 0.003959 0.012264 0.018827 0.006964 0.002342 0.001130 0.000000 0.002484 0.012325 0.078473 0.128309 0.077208 0.010178 0.002450 0.000000 0.002650 0.020908 0.120406 0.095868 0.125884 0.018533 0.002350 0.000000 0.001181 0.006926 0.029828 0.081686 0.066862 0.009336 0.001237 0.000000 0.000530 0.001256 0.004375 0.018332 0.010466 0.002234 0.000662 0.000000 0.000265 0.000475 0.001278 0.002720 0.001963 0.000976 0.000552
9 -1 0.4 0.5 -0.6 -0.5 0.000307 0.000381 0.000372 0.000349 0.000229 0.000236 0.000229 0.000000 0.000623 0.000986 0.001175 0.001073 0.000683 0.000524 0.000468 0.000000 0.001401 0.003734 0.010031 0.013119 0.005019 0.001875 0.000993 0.000000 0.002621 0.012816 0.076853 0.121204 0.060732 0.008162 0.002080 0.000000 0.003142 0.027697 0.124752 0.103768 0.117918 0.014733 0.002164 0.000000 0.001440 0.009640 0.038205 0.086743 0.072198 0.008569 0.001194 0.000000 0.000581 0.001581 0.005770 0.024856 0.010780 0.002188 0.000670 0.000000 0.000280 0.000542 0.001551 0.003242 0.002123 0.001009 0.000548 0.000000
9 0 0.4 0.5 -0.5 -0.4 0.000317 0.000369 0.000357 0.000349 0.000254 0.000249 0.000223 0.000174 0.000604 0.000947 0.001160 0.001101 0.000709 0.000539 0.000477 0.000262 0.001322 0.003461 0.009466 0.013700 0.005443 0.001962 0.001059 0.000439 0.002376 0.011063 0.070249 0.122479 0.067742 0.009113 0.002329 0.000670 0.002746 0.021164 0.124304 0.100846 0.124739 0.018485 0.002446 0.000714 0.001285 0.008063 0.035749 0.083075 0.076782 0.010629 0.001340 0.000495 0.000562 0.001437 0.005106 0.023569 0.012521 0.002459 0.000691 0.000310 0.000295 0.000501 0.001406 0.003187 0.002226 0.001060 0.000563 0.000281
9 1 0.4 0.5 -0.4 -0.3 0.000320 0.000379 0.000363 0.000350 0.000255 0.000249 0.000246 0.000198 0.000568 0.000918 0.001160 0.001125 0.000734 0.000532 0.000492 0.000269 0.001177 0.003114 0.008585 0.014128 0.006026 0.002097 0.001163 0.000475 0.002080 0.009227 0.061349 0.122717 0.075870 0.010574 0.002701 0.000744 0.002328 0.016144 0.120687 0.099242 0.129594 0.023907 0.002913 0.000785 0.001105 0.006554 0.032550 0.078228 0.083125 0.013904 0.001601 0.000534 0.000510 0.001298 0.004440 0.021663 0.015173 0.002865 0.000772 0.000338 0.000273 0.000457 0.001261 0.003109 0.002374 0.001159 0.000602 0.000318
9 2 0.4 0.5 -0.3 -0.2 0.000295 0.000374 0.000416 0.000359 0.000259 0.000251 0.000221 0.000206 0.000521 0.000884 0.001147 0.001152 0.000794 0.000558 0.000490 0.000293 0.001052 0.002801 0.007774 0.014712 0.006861 0.002330 0.001290 0.000518 0.001828 0.007612 0.051819 0.122025 0.085311 0.013173 0.003204 0.000854 0.001930 0.011826 0.112277 0.099811 0.131661 0.032620 0.003550 0.000880 0.000944 0.005126 0.028767 0.071768 0.089006 0.019123 0.001958 0.000581 0.000472 0.001134 0.003759 0.018985 0.018209 0.003411 0.000881 0.000353 0.000264 0.000440 0.001122 0.002964 0.002573 0.001253 0.000635 0.000332
9 3 0.4 0.5 -0.2 -0.1 0.000287 0.000366 0.000366 0.000345 0.000277 0.000258 0.000221 0.000219 0.000479 0.000837 0.001126 0.001166 0.000840 0.000589 0.000495 0.000298 0.000950 0.002535 0.007014 0.014672 0.007819 0.002603 0.001392 0.000566 0.001620 0.006392 0.043022 0.119809 0.093400 0.016793 0.003738 0.000965 0.001640 0.009219 0.101213 0.103289 0.130770 0.042545 0.004272 0.000976 0.000823 0.004172 0.025721 0.065240 0.093135 0.025343 0.002409 0.000619 0.000434 0.001016 0.003239 0.016537 0.020984 0.003972 0.000997 0.000388 0.000243 0.000386 0.000991 0.002792 0.002776 0.001342 0.000697 0.000359
9 4 0.4 0.5 -0.1 0.0 0.000267 0.000369 0.000378 0.000358 0.000279 0.000238 0.000227 0.000219 0.000454 0.000803 0.001107 0.001176 0.000885 0.000591 0.000497 0.000335 0.000846 0.002285 0.006313 0.014291 0.008720 0.002931 0.001478 0.000623 0.001464 0.005449 0.035379 0.115890 0.100476 0.021626 0.004324 0.001092 0.001419 0.007456 0.087866 0.107784 0.128381 0.054361 0.005151 0.001093 0.000746 0.003429 0.023005 0.058821 0.095985 0.032351 0.002917 0.000666 0.000390 0.000912 0.002819 0.014098 0.023252 0.004622 0.001117 0.000420 0.000236 0.000351 0.000884 0.002553 0.002953 0.001460 0.000738 0.000390
9 5 0.4 0.5 0.0 0.1 0.000258 0.000363 0.000383 0.000349 0.000278 0.000241 0.000217 0.000226 0.000421 0.000751 0.001088 0.001194 0.000931 0.000608 0.000506 0.000354 0.000770 0.002090 0.005622 0.013610 0.009671 0.003290 0.001575 0.000680 0.001365 0.004705 0.028901 0.110127 0.106509 0.027581 0.004939 0.001217 0.001251 0.006239 0.074389 0.112443 0.124770 0.066850 0.006194 0.001222 0.000670 0.002839 0.020361 0.053217 0.097161 0.040088 0.003527 0.000725 0.000373 0.000846 0.002507 0.011932 0.025007 0.005313 0.001261 0.000450 0.000234 0.000339 0.000784 0.002338 0.003084 0.001569 0.000783 0.000417
9 6 0.4 0.5 0.1 0.2 0.000256 0.000359 0.000372 0.000353 0.000289 0.000243 0.000222 0.000238 0.000384 0.000722 0.001060 0.001180 0.000970 0.000627 0.000507 0.000373 0.000704 0.001906 0.005119 0.012961 0.010734 0.003700 0.001668 0.000744 0.001261 0.004042 0.023447 0.102965 0.111952 0.035060 0.005640 0.001383 0.001108 0.005242 0.060658 0.116660 0.120141 0.080826 0.007528 0.001399 0.000613 0.002394 0.017422 0.048298 0.096331 0.048304 0.004289 0.000807 0.000337 0.000761 0.002232 0.009880 0.025732 0.006197 0.001423 0.000497 0.000225 0.000308 0.000720 0.002134 0.003123 0.001692 0.000831 0.000449
9 7 0.4 0.5 0.2 0.3 0.000228 0.000348 0.000376 0.000374 0.000308 0.000248 0.000236 0.000237 0.000364 0.000686 0.001039 0.001186 0.001007 0.000646 0.000512 0.000412 0.000646 0.001729 0.004588 0.011991 0.011495 0.004115 0.001726 0.000826 0.001177 0.003489 0.019168 0.094539 0.115833 0.043107 0.006375 0.001587 0.000976 0.004431 0.047899 0.120380 0.114779 0.094730 0.009257 0.001600 0.000557 0.002027 0.014644 0.044914 0.094248 0.056487 0.005285 0.000912 0.000323 0.000699 0.002008 0.008203 0.026135 0.007275 0.001625 0.000539 0.000214 0.000302 0.000653 0.001939 0.003179 0.001823 0.000886 0.000475
9 8 0.4 0.5 0.3 0.4 0.000216 0.000319 0.000387 0.000378 0.000320 0.000235 0.000238 0.000238 0.000329 0.000651 0.001016 0.001180 0.001056 0.000667 0.000518 0.000441 0.000600 0.001552 0.004118 0.010915 0.012385 0.004532 0.001797 0.000907 0.001088 0.002996 0.015450 0.085366 0.119111 0.052041 0.007227 0.001827 0.000871 0.003703 0.036184 0.123328 0.108763 0.107965 0.011775 0.001874 0.000522 0.001690 0.011880 0.041636 0.090740 0.064924 0.006749 0.001045 0.000301 0.000636 0.001765 0.006799 0.025946 0.008866 0.001891 0.000594 0.000206 0.000296 0.000587 0.001720 0.003230 0.001968 0.000933 0.000515
9 9 0.4 0.5 0.4 0.5 0.000210 0.000307 0.000381 0.000372 0.000349 0.000229 0.000236 0.000229 0.000318 0.000623 0.000986 0.001175 0.001073 0.000683 0.000524 0.000468 0.000564 0.001401 0.003734 0.010031 0.013119 0.005019 0.001875 0.000993 0.001028 0.002621 0.012816 0.076853 0.121204 0.060732 0.008162 0.002080 0.000771 0.003142 0.027697 0.124752 0.103768 0.117918 0.014733 0.002164 0.000466 0.001440 0.009640 0.038205 0.086743 0.072198 0.008569 0.001194 0.000289 0.000581 0.001581 0.005770 0.024856 0.010780 0.002188 0.000670 0.000196 0.000280 0.000542 0.001551 0.003242 0.002123 0.001009 0.000548
9 10 0.4 0.5 0.5 0.6 0.000000 0.000317 0.000369 0.000357 0.000349 0.000254 0.000249 0.000223 0.000000 0.000604 0.000947 0.001160 0.001101 0.000709 0.000539 0.000477 0.000000 0.001322 0.003461 0.009466 0.013700 0.005443 0.001962 0.001059 0.000000 0.002376 0.011063 0.070249 0.122479 0.067742 0.009113 0.002329 0.000000 0.002746 0.021164 0.124304 0.100846 0.124739 0.018485 0.002446 0.000000 0.001285 0.008063 0.035749 0.083075 0.076782 0.010629 0.001340 0.000000 0.000562 0.001437 0.005106 0.023569 0.012521 0.002459 0.000691 0.000000 0.000295 0.000501 0.001406 0.003187 0.002226 0.001060 0.000563
10 -1 0.5 0.6 -0.6 -0.5 0.000000 0.000000 0.000000 0.000000 0.000000 0.000000 0.000000 0.000000 0.000582 0.000912 0.001042 0.000960 0.000604 0.000485 0.000454 0.000000 0.001336 0.003348 0.008128 0.009767 0.004067 0.001652 0.000928 0.000000 0.002576 0.011877 0.071132 0.113676 0.052457 0.007341 0.001971 0.000000 0.003236 0.028456 0.125925 0.108356 0.115211 0.014288 0.002184 0.000000 0.001546 0.011195 0.044865 0.087155 0.079231 0.008963 0.001242 0.000000 0.000615 0.001789 0.006697 0.031277 0.012022 0.002331 0.000665 0.000000 0.000288 0.000593 0.001676 0.003685 0.002345 0.001080 0.000559 0.000000
10 0 0.5 0.6 -0.5 -0.4 0.000000 0.000000 0.000000 0.000000 0.000000 0.000000 0.000000 0.000000 0.000577 0.000887 0.001029 0.000971 0.000658 0.000505 0.000460 0.000244 0.001243 0.003112 0.007684 0.010162 0.004423 0.001709 0.000978 0.000423 0.002323 0.010259 0.064026 0.115220 0.058950 0.008208 0.002208 0.000664 0.002822 0.021635 0.125275 0.105470 0.123079 0.017892 0.002476 0.000715 0.001371 0.009160 0.042036 0.083287 0.084806 0.011399 0.001400 0.000504 0.000589 0.001607 0.005869 0.029546 0.014334 0.002639 0.000706 0.000323 0.000300 0.000525 0.001505 0.003664 0.002476 0.001144 0.000552 0.000283
10 1 0.5 0.6 -0.4 -0.3 0.000000 0.000000 0.000000 0.000000 0.000000 0.000000 0.000000 0.000000 0.000539 0.000862 0.001021 0.000986 0.000674 0.000502 0.000464 0.000264 0.001111 0.002823 0.007121 0.010512 0.004872 0.001833 0.001069 0.000452 0.002030 0.008664 0.055651 0.116344 0.066558 0.009533 0.002534 0.000729 0.002393 0.016356 0.121749 0.103538 0.128554 0.023083 0.002953 0.000789 0.001179 0.007320 0.038505 0.078699 0.090576 0.015050 0.001685 0.000526 0.000539 0.001438 0.005083 0.026882 0.017545 0.003111 0.000795 0.000332 0.000290 0.000472 0.001355 0.003567 0.002652 0.001247 0.000604 0.000311
10 2 0.5 0.6 -0.3 -0.2 0.000000 0.000000 0.000000 0.000000 0.000000 0.000000 0.000000 0.000000 0.000494 0.000826 0.001019 0.001006 0.000708 0.000530 0.000478 0.000280 0.001000 0.002557 0.006500 0.010724 0.005488 0.002012 0.001174 0.000502 0.001765 0.007241 0.046594 0.115792 0.074761 0.011737 0.002992 0.000817 0.001999 0.012020 0.113434 0.104190 0.131536 0.031086 0.003600 0.000885 0.001007 0.005745 0.034644 0.073194 0.096074 0.020757 0.002060 0.000588 0.000489 0.001252 0.004323 0.023437 0.021488 0.003699 0.000936 0.000374 0.000278 0.000439 0.001199 0.003399 0.002869 0.001357 0.000650 0.000327
10 3 0.5 0.6 -0.2 -0.1 0.000000 0.000000 0.000000 0.000000 0.000000 0.000000 0.000000 0.000000 0.000473 0.000794 0.001013 0.001024 0.000750 0.000536 0.000481 0.000296 0.000894 0.002299 0.005950 0.010862 0.006219 0.002237 0.001273 0.000542 0.001575 0.006184 0.038507 0.113988 0.082879 0.014861 0.003476 0.000936 0.001699 0.009345 0.102235 0.107263 0.131555 0.040609 0.004338 0.000985 0.000880 0.004623 0.030801 0.067413 0.099087 0.027606 0.002524 0.000639 0.000446 0.001111 0.003663 0.019985 0.025161 0.004360 0.001042 0.000394 0.000274 0.000411 0.001042 0.003174 0.003092 0.001486 0.000714 0.000351
10 4 0.5 0.6 -0.1 0.0 0.000000 0.000000 0.000000 0.000000 0.000000 0.000000 0.000000 0.000000 0.000440 0.000760 0.001002 0.001023 0.000783 0.000553 0.000478 0.000311 0.000805 0.002082 0.005411 0.010676 0.006902 0.002501 0.001344 0.000597 0.001436 0.005275 0.031385 0.109795 0.089840 0.019084 0.004004 0.001055 0.001457 0.007557 0.088672 0.111664 0.129961 0.051951 0.005226 0.001105 0.000781 0.003760 0.027531 0.062025 0.100639 0.035631 0.003069 0.000684 0.000413 0.000997 0.003210 0.016950 0.028314 0.005065 0.001176 0.000418 0.000250 0.000376 0.000916 0.002904 0.003318 0.001625 0.000762 0.000388
10 5 0.5 0.6 0.0 0.1 0.000000 0.000000 0.000000 0.000000 0.000000 0.000000 0.000000 0.000000 0.000395 0.000707 0.000982 0.001037 0.000829 0.000564 0.000471 0.000347 0.000740 0.001926 0.004908 0.010303 0.007573 0.002777 0.001414 0.000645 0.001303 0.004561 0.025684 0.103965 0.096221 0.024351 0.004579 0.001186 0.001287 0.006303 0.074918 0.115627 0.127291 0.064462 0.006260 0.001243 0.000709 0.003122 0.024112 0.057155 0.100482 0.044182 0.003720 0.000748 0.000389 0.000916 0.002857 0.014098 0.030848 0.005886 0.001329 0.000458 0.000239 0.000379 0.000829 0.002620 0.003439 0.001745 0.000824 0.000422
10 6 0.5 0.6 0.1 0.2 0.000000 0.000000 0.000000 0.000000 0.000000 0.000000 0.000000 0.000000 0.000371 0.000678 0.000968 0.001033 0.000860 0.000580 0.000483 0.000366 0.000683 0.001769 0.004483 0.009896 0.008192 0.003096 0.001475 0.000705 0.001210 0.003972 0.021004 0.096970 0.102083 0.030393 0.005159 0.001326 0.001153 0.005352 0.061647 0.119090 0.123545 0.077635 0.007515 0.001407 0.000640 0.002617 0.020680 0.053354 0.098668 0.053222 0.004502 0.000833 0.000348 0.000826 0.002545 0.011666 0.032144 0.006826 0.001499 0.000500 0.000222 0.000331 0.000755 0.002388 0.003540 0.001872 0.000865 0.000437
10 7 0.5 0.6 0.2 0.3 0.000000 0.000000 0.000000 0.000000 0.000000 0.000000 0.000000 0.000000 0.000342 0.000654 0.000960 0.001033 0.000896 0.000589 0.000477 0.000404 0.000631 0.001606 0.004049 0.009267 0.008771 0.003410 0.001524 0.000768 0.001118 0.003388 0.016986 0.088093 0.106863 0.037836 0.005835 0.001505 0.001015 0.004480 0.048214 0.122409 0.118436 0.092164 0.009311 0.001628 0.000586 0.002181 0.017080 0.050290 0.095470 0.063080 0.005655 0.000943 0.000341 0.000755 0.002283 0.009456 0.032764 0.008177 0.001738 0.000551 0.000221 0.000317 0.000684 0.002135 0.003590 0.002022 0.000934 0.000473
10 8 0.5 0.6 0.3 0.4 0.000000 0.000000 0.000000 0.000000 0.000000 0.000000 0.000000 0.000000 0.000316 0.000614 0.000932 0.001037 0.000925 0.000600 0.000483 0.000423 0.000582 0.001455 0.003676 0.008630 0.009256 0.003720 0.001591 0.000844 0.001042 0.002924 0.013997 0.079011 0.110761 0.045393 0.006531 0.001737 0.000900 0.003761 0.036551 0.124974 0.112912 0.105456 0.011662 0.001905 0.000538 0.001818 0.013766 0.047801 0.091200 0.071996 0.007188 0.001087 0.000306 0.000682 0.002014 0.007863 0.032510 0.009962 0.002023 0.000610 0.000207 0.000297 0.000618 0.001889 0.003675 0.002194 0.001002 0.000526
10 9 0.5 0.6 0.4 0.5 0.000000 0.000000 0.000000 0.000000 0.000000 0.000000 0.000000 0.000000 0.000308 0.000582 0.000912 0.001042 0.000960 0.000604 0.000485 0.000454 0.000547 0.001336 0.003348 0.008128 0.009767 0.004067 0.001652 0.000928 0.000975 0.002576 0.011877 0.071132 0.113676 0.052457 0.007341 0.001971 0.000810 0.003236 0.028456 0.125925 0.108356 0.115211 0.014288 0.002184 0.000502 0.001546 0.011195 0.044865 0.087155 0.079231 0.008963 0.001242 0.000290 0.000615 0.001789 0.006697 0.031277 0.012022 0.002331 0.000665 0.000197 0.000288 0.000593 0.001676 0.003685 0.002345 0.001080 0.000559
10 10 0.5 0.6 0.5 0.6 0.000000 0.000000 0.000000 0.000000 0.000000 0.000000 0.000000 0.000000 0.000000 0.000577 0.000887 0.001029 0.000971 0.000658 0.000505 0.000460 0.000000 0.001243 0.003112 0.007684 0.010162 0.004423 0.001709 0.000978 0.000000 0.002323 0.010259 0.064026 0.115220 0.058950 0.008208 0.002208 0.000000 0.002822 0.021635 0.125275 0.105470 0.123079 0.017892 0.002476 0.000000 0.001371 0.009160 0.042036 0.083287 0.084806 0.011399 0.001400 0.000000 0.000589 0.001607 0.005869 0.029546 0.014334 0.002639 0.000706 0.000000 0.000300 0.000525 0.001505 0.003664 0.002476 0.001144 0.000552
